new	[ 1.74969405e-01 -1.83362469e-01  5.30108549e-02 -4.65371609e-02
  1.11867197e-01 -5.53202741e-02 -2.64898747e-01  2.80431658e-01
  7.70879909e-03 -1.92247018e-01  2.09347263e-01 -2.03393325e-01
 -3.08799803e-01 -2.18737081e-01  8.28239992e-02  2.51467049e-01
  8.26203600e-02  7.44390413e-02  1.84385434e-01 -2.95740217e-01
  2.29882896e-02  3.90476704e-01 -1.00667225e-02 -1.94437400e-01
 -1.99288368e-01 -1.42285004e-01 -2.48896778e-02  8.60335678e-03
 -9.97779332e-03 -7.24649653e-02 -2.17746511e-01 -6.34613037e-02
  3.83635789e-01  1.75121818e-02 -1.39255196e-01 -1.18094906e-01
 -5.14964871e-02  1.62749663e-01  3.62800024e-02  2.41584435e-01
 -3.50343669e-03 -3.55722234e-02 -3.84217381e-01 -7.87255839e-02
 -8.81123170e-02 -5.61938994e-02  1.54146552e-01 -3.28379311e-02
 -1.42486706e-01 -3.72002237e-02 -1.69616595e-01  7.67119452e-02
  1.21393539e-01 -3.02279115e-01  1.38491735e-01  1.33434489e-01
  4.26645696e-01  2.04256773e-01  5.17963827e-01 -3.66623074e-01
  4.25756603e-01  4.66140002e-01  3.21032315e-01  1.60992846e-01
 -4.56825877e-03 -2.72466242e-01  2.20644370e-01 -1.29618049e-02
  8.75897780e-02 -4.22075927e-01 -2.52735972e-01 -1.37683405e-02
  6.22379072e-02 -2.26855382e-01  1.20089948e-01 -1.58346388e-02
  3.31124589e-02  1.28790304e-01 -3.14500064e-01 -3.03543191e-02
  1.40714377e-01  1.39245346e-01  2.66002446e-01 -1.61440924e-01
  1.84250623e-01 -6.18782453e-02 -5.69728427e-02  1.06958553e-01
  1.45788401e-01  2.28112876e-01 -1.03347324e-01 -2.56682634e-01
 -2.69912519e-02  2.32240036e-01  1.75240338e-01 -6.05921857e-02
 -7.56853074e-02 -3.52282673e-02  2.84959316e-01  3.24773006e-02
  5.13781514e-03  2.36342549e-01 -3.20403963e-01  1.42894566e-01
 -1.41527787e-01 -7.98887387e-02 -5.16481921e-02 -1.10238962e-01
  5.74849918e-02  3.14351141e-01 -1.30879223e-01  5.40126115e-02
 -1.89018682e-01  3.36661130e-01 -4.71767634e-02  5.85107915e-02
  9.46671888e-02  6.28832867e-03 -3.43823075e-01  6.92047477e-02
  4.53578494e-02 -2.27413535e-01  9.40557048e-02 -3.23947757e-01
  4.06948179e-02 -3.40302110e-01  1.54441874e-02 -2.40521610e-01
 -2.72724211e-01 -2.95682400e-01  4.73653555e-01  1.18677303e-01
 -5.60156181e-02  4.08091256e-03 -1.16435237e-01 -5.16752899e-01
 -1.89202931e-02 -3.17615628e-01  6.29128069e-02 -2.03600097e-02
  6.93325400e-02  4.62846667e-01  7.84933940e-02  3.05612326e-01
 -1.67205527e-01  1.07729271e-01  1.88785046e-01 -5.43200970e-02
 -2.82153368e-01 -2.53980458e-01 -7.65351281e-02 -1.75846696e-01
 -2.02097952e-01  2.14237422e-01 -3.31570953e-02  7.61719095e-03
  1.29217833e-01  6.02398157e-01 -2.34061822e-01 -1.32785097e-01
 -5.51081449e-02  7.53185004e-02 -4.98052090e-02  3.03881943e-01
  1.69835001e-01  2.08742768e-01 -2.95682818e-01 -1.67569076e-03
 -1.63452148e-01 -3.37038815e-01  5.92425242e-02 -4.03415293e-01
  2.48489767e-01  1.74083710e-01 -7.25198584e-03  1.60639118e-02
  1.87502131e-01 -3.46899331e-02 -1.26418889e-01 -4.76841986e-01
 -3.79079968e-01  1.08208351e-01 -3.98037583e-01 -2.39738137e-01
 -4.36048597e-01  8.85587186e-02 -2.35241085e-01  4.04087096e-01
  5.69983602e-01 -4.41640347e-01 -1.02343574e-01  4.73418128e-04
  7.76141584e-02  2.74324834e-01 -2.65162736e-01  2.99813896e-01
 -1.18384026e-02  2.54018068e-01  3.22860479e-01  2.93080121e-01
 -2.65321881e-02  8.22604895e-02  2.18755439e-01 -1.14531457e-01
 -2.08951443e-01  8.66161585e-02 -4.83021773e-02  3.89748923e-02
 -1.44403443e-01  5.59493974e-02 -4.04084586e-02  6.27056733e-02
 -5.70461638e-02  6.27921000e-02  2.03486621e-01 -3.84343378e-02
 -7.07969666e-02  1.80686936e-01  2.34714985e-01  1.54721782e-01
 -6.81232810e-02  9.25359949e-02 -2.10730612e-01  2.49121547e-01
  3.69790733e-01 -2.03709081e-01  6.55413270e-02  5.62573373e-02
  7.72839971e-03 -2.36052021e-01 -4.49641272e-02 -6.11550175e-02
  5.82339764e-02 -3.04503173e-01 -7.55175715e-03  4.62610237e-02
  1.04415201e-01  4.11558449e-02  5.83894551e-02 -1.38013467e-01
  7.02361809e-03 -1.39241427e-01  3.06904525e-01 -2.92919219e-01
  2.62262404e-01 -8.37975368e-02 -5.65331914e-02 -2.37858176e-01
 -2.70054519e-01  1.46735534e-01  1.93484917e-01  5.71932085e-02
 -1.09529324e-01  1.20559052e-01 -2.49317754e-02 -1.58864006e-01
 -7.44637102e-02  5.16380854e-02 -7.44540244e-02 -2.27262259e-01
  1.37215391e-01 -1.04815185e-01 -8.60240981e-02 -1.26430824e-01
  3.25997949e-01  3.01770508e-01  1.22744441e-01 -2.87866086e-01
 -3.64324480e-01  1.48210317e-01 -7.82755762e-02 -1.71907976e-01
  2.15488404e-01  1.01890728e-01  1.36739030e-01 -9.00624096e-02
 -1.36260673e-01  2.48715490e-01  6.12809099e-02 -1.88122168e-01
 -3.81901205e-01 -5.76185524e-01 -4.41120528e-02 -2.40241904e-02
  1.59437377e-02  2.48652592e-01  1.40129000e-01  8.44120458e-02
  3.77785474e-01  1.33770049e-01 -1.21259175e-01  3.04506481e-01
  1.79064311e-02 -1.23015940e-01 -2.47396350e-01  1.11728169e-01
  2.20357850e-01 -5.01457863e-02  8.13902169e-02  1.59938812e-01]
york	[-1.55665707e-02 -6.09562583e-02  1.75177723e-01  3.81288081e-01
  6.14754111e-03  2.63881013e-02 -2.69574106e-01  3.29349637e-02
  5.62245026e-02 -1.94783822e-01 -6.01124577e-02  1.32710993e-01
 -3.33894581e-01 -9.54320505e-02  1.62703186e-01  3.44428390e-01
  2.42536902e-01  4.51425433e-01  2.08998054e-01  1.52333513e-01
 -3.58964324e-01  2.12523773e-01  8.57354701e-02  2.80724794e-01
 -9.67698172e-02 -2.76675612e-01 -3.28145504e-01 -2.02696741e-01
 -1.88786358e-01 -9.37741548e-02 -1.53134033e-01  4.89701182e-02
 -9.25713629e-02 -1.26544029e-01  5.25759347e-02 -8.17628726e-02
 -1.27615705e-01  2.14012247e-02 -2.32729390e-01  1.19086035e-01
  8.75483602e-02 -1.98513001e-01 -2.98667610e-01  1.25284150e-01
  1.95610262e-02 -6.90030260e-03  3.09692681e-01  1.81024522e-01
 -1.60283059e-01  1.57428712e-01 -2.99258262e-01 -2.44547322e-01
  1.43385023e-01 -2.83245742e-01 -1.75020531e-01  7.42480606e-02
  1.60730034e-01 -3.43870446e-02  4.17887062e-01 -3.95348907e-01
  4.20142710e-01  5.30456364e-01  2.01848373e-01  5.45048714e-01
 -1.59809023e-01 -3.54558676e-01 -7.86956176e-02  2.78178722e-01
 -1.96480647e-01  1.37864251e-03 -2.55067945e-01  1.33497700e-01
 -1.31547302e-01 -9.49126258e-02  3.91013138e-02  6.94343001e-02
 -1.39476443e-02  2.91797370e-01  7.84532651e-02  7.64653236e-02
  3.66753727e-01  1.25109479e-01  3.69761467e-01  1.83657020e-01
 -2.25427896e-01  5.89272305e-02 -1.62821740e-01  4.93354648e-01
 -8.62379298e-02 -2.03322157e-01 -1.05859913e-01 -3.71693283e-01
 -4.35365811e-02  1.68697819e-01  2.95360357e-01  9.94129479e-02
 -1.77047893e-01 -2.06348792e-01  1.54109046e-01 -5.78795113e-02
 -4.16302860e-01 -2.38048092e-01  5.76270372e-02 -5.10496162e-02
 -1.41449533e-02 -4.01752852e-02 -2.55478024e-01 -2.09837314e-02
  9.39489454e-02  9.84601080e-02 -1.97109744e-01 -5.54967485e-02
 -7.19863996e-02 -1.36232212e-01 -6.47529587e-02 -1.12635553e-01
 -1.57046705e-01  2.41312921e-01 -3.79301041e-01  3.89357895e-01
 -1.88792527e-01 -1.63338006e-01  1.09376252e-01 -2.91152328e-01
 -4.29532453e-02 -8.09343997e-03  2.65667797e-03 -2.69512057e-01
  5.61737306e-02 -1.10546313e-01  5.57285488e-01 -1.22033179e-01
 -1.12147994e-01  2.79736698e-01 -1.64540574e-01 -1.56221539e-01
  2.76583135e-01 -2.36163139e-01  9.36383680e-02 -1.55197576e-01
 -1.94250464e-01  2.10476831e-01  6.31772820e-03  3.63297194e-01
 -1.76390782e-01 -1.56040654e-01  1.08550981e-01  5.93707189e-02
 -2.32290789e-01  1.31445285e-02 -9.96258035e-02 -2.62341976e-01
 -4.09183763e-02 -1.96362317e-01  6.65309057e-02 -1.50941089e-01
  6.51415735e-02  3.41358155e-01 -1.63732916e-01 -5.72757244e-01
 -6.69761524e-02  1.33802518e-02  1.84771463e-01  3.44057322e-01
  3.30394357e-01  3.62738192e-01 -3.83945465e-01 -2.33549118e-01
 -2.53210127e-01 -2.28365406e-01  2.10599557e-01 -3.27372760e-01
  1.39431193e-01 -1.91352576e-01 -2.15314120e-01 -3.07717212e-02
  1.06393509e-02  6.41937694e-03 -1.80587038e-01  5.50849922e-02
 -3.44738096e-01  1.04756095e-01  9.16125700e-02 -7.49313086e-03
  9.67385471e-02  5.17814793e-02 -1.30593866e-01  1.10942870e-01
  2.05599889e-01 -8.00589472e-02 -3.16077769e-01 -5.50173000e-02
 -8.15485120e-02  1.85338527e-01  7.30715767e-02 -4.68016714e-02
  9.37007368e-03  1.37717173e-01 -8.33811145e-03  1.78517267e-01
  2.19466954e-01  3.19393754e-01 -1.25693660e-02 -9.27410871e-02
 -8.06528255e-02  7.21219555e-02  1.24383057e-02  4.24538366e-02
 -4.49392013e-02  1.82768583e-01  2.40783483e-01 -1.08723775e-01
  3.47626619e-02  1.71418846e-01  2.63493866e-01  1.51041314e-01
  3.24183591e-02  2.77702417e-02  8.28551874e-03  5.56815922e-01
 -1.15945362e-01 -7.01826140e-02 -1.02181561e-01 -2.03611314e-01
  1.23873204e-01 -1.48691952e-01  1.59591392e-01  3.06799084e-01
 -1.07763045e-01 -3.32295179e-01  1.07100964e-01 -4.55607861e-01
  3.13365251e-01 -1.75504014e-01 -1.16882421e-01  3.08176838e-02
 -1.65544637e-03 -1.73059687e-01  2.61768047e-02 -1.84668869e-01
  3.08818966e-01 -1.01278476e-01  3.20964307e-01 -4.10727352e-01
  7.04691112e-02 -2.23963469e-01 -1.61272503e-04 -3.10063571e-01
  1.96495783e-02 -6.41440228e-02  1.27773538e-01  1.11462355e-01
  3.91738325e-01  1.02402493e-01  3.14987659e-01  1.19937044e-02
 -2.58013010e-01  1.10148489e-01 -2.93236643e-01 -1.08480603e-01
 -1.93420738e-01  7.50216618e-02 -1.94508135e-01  1.14279434e-01
  4.69634056e-01  5.11968099e-02  1.01923628e-03 -4.58472311e-01
 -1.10760070e-01  1.90534636e-01  9.99040753e-02 -2.54665732e-01
  2.21955389e-01  2.21075118e-01  3.30349766e-02  1.22202197e-02
 -3.24253030e-02  3.23982500e-02  6.85278699e-02 -3.91137078e-02
 -5.66310346e-01 -6.34739161e-01  1.52740493e-01  5.25353439e-02
 -1.38578862e-01  2.71442562e-01  5.95321655e-02 -1.79931760e-01
  3.11651707e-01  3.11227947e-01  2.15804681e-01  1.43803969e-01
 -1.24424463e-02 -1.09319791e-01 -1.48362160e-01  3.03713232e-01
  2.77695417e-01  7.64884427e-02  1.07651822e-01 -4.95492406e-02]
city	[ 6.91657811e-02 -1.58446491e-01  1.39833391e-01  1.91862211e-01
 -2.65771359e-01 -1.24411963e-01 -1.71810046e-01 -7.92533252e-03
  2.95553841e-02  2.23724581e-02 -2.78168749e-02  8.58776644e-02
 -6.03962019e-02 -5.50160967e-02 -1.69205263e-01  4.69748750e-02
 -6.61376044e-02  1.15634918e-01 -4.38846052e-02  2.71539968e-02
  9.18824300e-02  1.87432945e-01  1.82097778e-01 -3.26239988e-02
 -3.28168482e-01 -2.49622434e-01  2.12438125e-02  1.34798232e-02
 -4.04456466e-01 -1.30802616e-01 -4.66521293e-01  1.72865704e-01
 -2.38520429e-01 -1.45629242e-01 -3.14846188e-01 -5.63900396e-02
 -2.85527520e-02  2.14527085e-01 -1.79602355e-01  1.22846663e-01
 -5.04632294e-03 -5.41787386e-01 -2.37757251e-01 -5.43845743e-02
 -1.14822261e-01 -8.71791616e-02 -2.37907730e-02  1.12082526e-01
  3.30552042e-01  6.24802075e-02 -4.85820360e-02 -2.94405609e-01
  3.28468941e-02 -1.45326942e-01 -7.44612589e-02 -3.52839231e-02
 -8.94974023e-02  2.51971781e-01  2.29370534e-01  5.30564301e-02
  1.93655089e-01  1.19411424e-01  3.18659127e-01  4.23684478e-01
  1.63306221e-01 -4.42048162e-01 -3.23112339e-01  5.07774830e-01
  2.45531321e-01  1.01389915e-01 -3.20627868e-01 -1.98614389e-01
 -2.37562194e-01 -2.61275079e-02  6.74266294e-02  2.78294265e-01
  1.93075776e-01 -9.38565135e-02  6.87313974e-02 -1.99671015e-01
  1.35258421e-01 -4.86447901e-01  1.66678857e-02  9.16181877e-02
 -2.32577190e-01 -3.32085907e-01  4.94756848e-02  7.29487762e-02
 -2.28800148e-01 -2.47895601e-03 -8.03455189e-02 -4.11779106e-01
 -2.87710309e-01  4.65497673e-01  2.43888065e-01  7.17077106e-02
 -5.06111309e-02 -5.65327555e-02 -2.20678523e-01 -1.75093189e-01
 -2.26492677e-02  4.69877087e-02 -9.84147489e-02 -6.23458577e-03
 -3.53420347e-01 -4.47227687e-01 -2.62383699e-01 -1.23530649e-01
 -2.85684377e-01  1.76135555e-01 -1.34545788e-01  2.92200536e-01
 -5.60112298e-02  1.25165910e-01  8.99904221e-02  1.21937543e-01
  7.29378834e-02  1.60351574e-01 -3.36098641e-01 -1.74516082e-01
 -2.52915127e-03  3.32507730e-01  4.77465302e-01 -2.19557360e-01
  2.05926806e-01 -6.17149100e-02  3.34895477e-02 -1.55034587e-01
 -4.35719639e-01  1.24324493e-01  6.85372949e-02 -1.03739180e-01
  2.21750024e-03  3.50035280e-01 -1.37163177e-01 -5.37183657e-02
  3.30959521e-02 -4.52594161e-01 -6.06249832e-02 -9.93657038e-02
  2.55108662e-02 -2.61830795e-03 -2.25034490e-01 -5.99775389e-02
 -2.65278935e-01 -1.59641236e-01  7.18783215e-02 -1.29288182e-01
  1.69201583e-01 -3.12266618e-01  2.13687107e-01 -1.30557224e-01
 -6.20079935e-02 -1.41388714e-01 -2.22729430e-01  1.54638946e-01
  1.45117221e-02  2.24337533e-01 -2.49823287e-01  1.25811577e-01
 -2.49580324e-01  4.85609518e-03  1.30402548e-02  3.00146610e-01
 -6.69039562e-02  2.30937630e-01 -2.73812443e-01 -8.71549547e-02
  1.14214756e-01  1.12607211e-01  1.90624595e-01 -3.87591928e-01
 -2.01746568e-01 -7.73255713e-03 -1.66490734e-01 -5.71938418e-02
 -1.63901821e-02 -1.25331581e-01 -4.04711589e-02  1.78609997e-01
  4.17645872e-01 -2.77640760e-01  1.33443236e-01 -1.36252210e-01
 -2.52072752e-01 -2.96363056e-01  3.35774958e-01  1.71789989e-01
  2.88060606e-01 -1.53725758e-01 -3.13550621e-01 -2.80459702e-01
  1.21604010e-01  2.24955216e-01  2.04887003e-01 -3.82080168e-01
  1.71948954e-01  8.68038163e-02 -1.04033970e-03  3.13330263e-01
  8.44394565e-02  2.66588986e-01  1.25597045e-01  1.82881311e-01
 -2.41408184e-01 -2.38829926e-01  6.11109510e-02  8.85097384e-02
 -3.77838880e-01 -7.32587278e-02  3.66789579e-01 -1.21270129e-02
 -2.36261517e-01  4.01768349e-02  4.10477258e-02 -9.25377980e-02
  1.67086750e-01  1.83087885e-01 -1.73741505e-01  4.12367105e-01
 -7.60724396e-02 -1.47630528e-01 -3.26617926e-01 -1.26996055e-01
  1.96520910e-01 -1.46751627e-01  3.19433600e-01 -1.42934546e-01
 -1.01363704e-01 -3.45211416e-01 -1.83141693e-01 -1.36523783e-01
 -1.16209604e-01 -3.54733579e-02 -2.50933021e-01  3.88699286e-02
 -1.00985765e-02  2.47239303e-02 -1.47899061e-01 -3.26855004e-01
  1.01224758e-01 -1.16103575e-01  9.12124887e-02 -1.56193271e-01
 -4.84185107e-02 -2.57889092e-01 -4.65934686e-02 -1.25619650e-01
 -4.02272475e-04 -4.60238680e-02  1.60864934e-01 -5.38536087e-02
  1.94112107e-01  2.91497588e-01  2.72286981e-01 -2.01231420e-01
 -4.61556733e-01 -8.23728517e-02  3.28181274e-02 -2.34310403e-01
  2.84902863e-02 -6.36556298e-02 -9.66862291e-02 -2.90643424e-02
  3.75094503e-01  1.23339698e-01  2.89764404e-01 -1.62729591e-01
 -5.79162361e-03 -1.00410283e-01  1.89742185e-02  1.14107572e-01
 -1.06679827e-01  5.80407120e-02  8.66154358e-02  1.25555918e-01
 -2.48273522e-01 -1.22574218e-01 -1.63543254e-01 -2.04336658e-01
 -1.87125430e-02 -1.46514878e-01 -4.39844728e-02  1.07380904e-01
  1.30778879e-01 -1.86945423e-01  8.61508548e-02 -1.11030765e-01
  2.32446611e-01 -1.92024425e-01  5.49892858e-02 -1.09801721e-02
 -2.87985831e-01 -5.03291339e-02 -2.68267035e-01  1.60393029e-01
 -3.86021361e-02 -1.74518079e-01  1.98108718e-01  7.08296299e-02]
is	[ 1.93118751e-01 -3.50036733e-02 -4.07174617e-01  1.91328966e-03
  1.41046613e-01  1.02094404e-01 -1.05667122e-01 -1.68809339e-01
  1.74444050e-01 -4.13750142e-01  4.35982421e-02 -2.12764770e-01
  1.95267498e-01  3.31320390e-02 -2.05361098e-01  1.20477267e-01
 -1.54207543e-01  3.84306788e-01  5.54245450e-02 -1.84749708e-01
  4.21944112e-01  2.58246243e-01  1.63817555e-01  5.94021147e-03
 -4.58134741e-01  2.47422997e-02  3.31551760e-01  6.51939958e-02
  7.30905011e-02 -7.67298564e-02 -3.01525056e-01 -1.46404952e-01
  2.60394990e-01  1.63352728e-01 -2.21287727e-01 -1.47530004e-01
 -1.89053610e-01  1.03503324e-01 -9.99262109e-02 -7.11450800e-02
 -1.57112956e-01 -1.10530265e-01 -8.77435952e-02  2.72990260e-02
 -2.55224049e-01  1.31865263e-01 -2.53720939e-01  9.62877721e-02
  3.69757414e-01  2.55635679e-02  1.44689542e-03 -1.27649099e-01
 -2.49308795e-01  3.21229212e-02 -2.93447465e-01 -4.09224443e-02
  2.22777084e-01  1.36479378e-01 -3.26013640e-02 -2.04074666e-01
 -2.94960290e-01  2.27043070e-02  3.53001386e-01  2.83009976e-01
  3.22735488e-01 -2.21069843e-01  1.78208113e-01  1.41280189e-01
  1.21802203e-01  1.00737847e-01 -2.95752227e-01 -1.63633287e-01
 -1.95397753e-02  1.46118586e-03  7.76393786e-02 -5.84370196e-02
  1.33806482e-01 -2.96071731e-02 -2.44055822e-01 -1.41534925e-01
 -1.09657124e-01  4.28918302e-01 -5.84368594e-02 -1.22516096e-01
  1.11875094e-01 -1.50143683e-01  1.56817779e-01  2.01751851e-02
 -2.13425532e-01  2.95776069e-01  1.85076609e-01 -5.36202416e-02
  1.55708954e-01  4.61745292e-01  4.12356704e-02 -2.66265851e-02
  6.56272396e-02 -9.91591066e-02  4.80750687e-02 -6.54377565e-02
 -1.55507922e-01 -1.89995795e-01 -6.86656535e-02  3.60796675e-02
  1.43634304e-01 -3.53517473e-01 -2.93780684e-01 -1.08459629e-02
  1.10450352e-03 -1.00745074e-01  7.48713128e-03  2.69185733e-02
  1.90645128e-01 -3.68597172e-02  2.09735561e-04 -1.89387590e-01
  2.01903619e-02 -1.15862735e-01 -3.57084394e-01 -1.29814461e-01
  2.21908301e-01 -3.39788556e-01  1.98243797e-01 -9.61873308e-02
 -1.95433527e-01 -1.49305567e-01  3.90364975e-01  1.81643605e-01
 -2.38199085e-01  2.88832635e-01  1.20510697e-01  7.89411068e-02
  8.02655444e-02  3.75802293e-02 -1.61179706e-01  1.39572788e-02
 -1.41383976e-01 -2.64455050e-01 -5.72501644e-02 -2.39893980e-02
 -2.49821633e-01  2.23960102e-01 -1.18553869e-01  1.27578169e-01
 -2.48607069e-01 -1.54850438e-01  3.85197490e-01 -9.40806195e-02
  5.64664826e-02 -1.51293445e-02  2.31162786e-01 -2.05577090e-01
 -3.88728678e-02  1.54721946e-01  5.24358936e-02  1.59304902e-01
  4.24638182e-01  3.75416316e-02 -5.04078567e-01  4.29305881e-02
 -8.67699981e-02  9.18416120e-03 -3.04754496e-01 -4.29537743e-02
 -2.25787848e-01 -2.09355682e-01  1.32188633e-01  6.98056445e-02
 -7.33453333e-02 -6.21217228e-02  8.26916844e-02 -4.68046188e-01
  9.37340185e-02  3.11542392e-01  1.37573108e-01 -2.57489860e-01
 -1.31088555e-01 -3.20651159e-02 -4.97071177e-01  6.30339831e-02
 -2.66917739e-02  1.23297773e-01 -9.95940045e-02 -3.56700495e-02
  6.43729195e-02  1.53398680e-04  3.42426375e-02 -3.16425800e-01
 -4.83038202e-02 -2.23423213e-01  9.96698141e-02  5.52483834e-02
  4.47790697e-02 -2.70434260e-01  5.98726533e-02  3.64143848e-01
  5.19992895e-02  3.16520222e-02  2.85639256e-01  3.09629828e-01
 -1.06573533e-02 -3.20565134e-01 -5.61643168e-02  1.53509483e-01
 -7.10069537e-02  1.33443668e-01  1.69998184e-02  2.05257684e-01
 -1.00467689e-01  1.60190776e-01 -8.13036263e-02 -3.93490255e-01
 -7.13421330e-02 -2.44786218e-01  1.15846515e-01  1.83869794e-01
  1.50572568e-01 -2.23702356e-01 -2.62427889e-02  5.74973188e-02
  1.73669100e-01  3.03516775e-01 -5.45837320e-02 -1.90586567e-01
  2.70990819e-01 -3.51557165e-01 -2.32459810e-02  3.39611083e-01
  5.64011687e-04 -1.07475430e-01 -3.71368639e-02 -6.00985065e-02
  4.91335690e-02 -1.59341976e-01 -2.65040100e-01  2.24942192e-01
  1.24806464e-01  3.17682475e-01  6.85319379e-02 -3.05645466e-01
  9.99023244e-02  2.17654794e-01  1.55495375e-01  1.85168371e-01
  4.77930531e-02 -1.69657081e-01  1.21519640e-01 -1.56173721e-01
  2.22838163e-01 -1.82725221e-01  1.43977121e-01 -1.14411682e-01
  4.57925387e-02  2.75865167e-01 -2.90556327e-02 -2.52191842e-01
  9.48435664e-02 -1.54921576e-01 -2.42874965e-01 -2.54431903e-01
  1.64882556e-01  2.36634284e-01  2.13403657e-01 -2.06165776e-01
  7.56187215e-02 -6.93040900e-03 -2.29023844e-01 -2.07299307e-01
 -3.87102067e-01 -6.96210936e-02  1.45517141e-01  2.82710671e-01
 -3.99926342e-02 -8.08175132e-02 -1.12805992e-01  8.34504515e-02
  6.83685541e-02  9.70542952e-02 -3.27911824e-01 -2.06540346e-01
 -2.26938933e-01 -2.45185196e-01  3.66267145e-01 -3.26414555e-01
  1.58800021e-01  1.38858512e-01  5.72196767e-03  2.77221333e-02
  2.17390388e-01  1.63088739e-01  1.19983733e-01  2.25589514e-01
 -9.52114761e-02 -9.38862264e-02  3.91256660e-01 -6.17462844e-02
  1.54544547e-01 -4.28751074e-02  1.35417849e-01  1.43487886e-01]
composed	[ 1.81893423e-01  1.91838861e-01  2.81259745e-01  3.77182990e-01
 -2.84245759e-01 -2.98622698e-01  7.26524666e-02  3.11549231e-02
 -2.36648664e-01 -1.35233894e-01 -3.66562366e-01 -5.58785319e-01
  1.20398782e-01  3.94583261e-03 -1.67845502e-01 -2.47698873e-01
  1.40403798e-02  3.00708711e-01 -1.93651900e-01  4.11488622e-01
  3.85100484e-01  2.40538865e-01  2.07176939e-01 -1.11178041e-01
 -2.60694593e-01 -8.83831978e-02  2.24674195e-01 -8.46684948e-02
 -2.86103219e-01  5.99732637e-01 -1.90670744e-01 -1.45444050e-01
 -3.91643196e-01 -1.11373991e-01 -3.01392078e-01 -2.67812043e-01
  1.98960692e-01 -1.86578885e-01 -8.73672068e-02  1.70812041e-01
  1.33080661e-01  4.77902927e-02 -2.11089715e-01 -1.81461826e-01
  1.11722432e-01  2.61770278e-01 -1.98628709e-01 -2.01644003e-01
  3.30490649e-01  1.44974798e-01  1.63602665e-01 -8.33551288e-02
  9.94156376e-02  4.04520869e-01 -1.94462672e-01  1.23213649e-01
 -1.25209659e-01 -1.36693463e-01  2.50623822e-01 -1.70218050e-01
 -1.61761373e-01  3.19377780e-01  4.84461010e-01  1.80011347e-01
  4.09248650e-01  2.72554994e-01  4.99989092e-01  4.21722949e-01
  3.07452768e-01  5.09850942e-02 -2.96763718e-01 -4.25293371e-02
 -3.59054059e-01 -1.79892763e-01  2.02002555e-01 -1.12535894e-01
  5.23637459e-02 -5.92132032e-01 -1.07767954e-01  1.53016865e-01
  1.70561075e-01  4.31026429e-01 -6.46656305e-02  1.98991850e-01
  5.50904907e-02  3.71239544e-03  1.54130593e-01  4.05317962e-01
  1.04223639e-01  3.44019085e-01 -5.62403463e-02 -1.29785642e-01
 -2.69991845e-01  2.95029014e-01 -1.92165554e-01  1.19074188e-01
 -1.79267392e-01 -1.28886566e-01 -2.50842478e-02 -3.51327300e-01
 -3.48191932e-02 -2.44858935e-01  1.96222618e-01  2.79622953e-02
 -2.01265037e-01 -2.01583281e-01 -3.85813534e-01 -4.56328034e-01
  3.51461843e-02 -1.16943382e-01  1.96546197e-01  4.67118286e-02
 -9.00720358e-02 -4.45538126e-02 -3.99230719e-01 -3.06136876e-01
  9.77537110e-02 -1.68030635e-01 -5.40633738e-01  1.80208668e-01
  1.92675427e-01  3.36210191e-01 -1.09584041e-01 -1.39271334e-01
  8.02324295e-01 -6.49402201e-01 -2.80541126e-02 -7.04511255e-02
 -2.44484380e-01  4.64083925e-02  4.06073779e-02 -4.63799417e-01
  2.99881339e-01  5.01544354e-03  2.74015926e-02 -4.24858667e-02
 -7.30788648e-01 -6.22988567e-02 -3.10688525e-01  4.94473457e-01
 -1.48114666e-01  3.02401185e-01  1.13847395e-02  7.01867789e-02
 -2.38697305e-01  3.07733864e-01  2.08949838e-02  7.06742406e-02
 -1.29035890e-01  4.46178950e-03  1.09793648e-01 -1.01486534e-01
 -4.07242589e-02 -2.88288482e-02 -2.15328246e-01 -9.66825187e-02
 -9.00463611e-02  5.02416909e-01 -1.81570351e-01  4.39241946e-01
  6.90880343e-02 -1.73012778e-01 -1.54192120e-01 -3.09153758e-02
 -2.59993583e-01  2.48279631e-01  3.00248474e-01 -2.94707273e-03
 -6.05893791e-01 -1.44843593e-01  1.38486892e-01 -1.01149797e-01
 -7.41968602e-02  2.42895246e-01 -1.94874331e-01 -2.79824823e-01
  1.31282909e-02 -1.33498788e-01  6.71404004e-02 -1.49245802e-02
 -2.41861358e-01 -1.67535916e-01  4.42457765e-01  1.50792226e-01
 -7.41938502e-02 -4.48761821e-01 -1.54504210e-01  1.88401155e-02
  7.79298320e-02 -9.09719989e-02 -9.73029882e-02  2.07052022e-01
 -3.27059478e-01 -2.28136405e-01  3.94424126e-02  3.81706022e-02
 -2.60417163e-01 -9.02746916e-02 -2.87846208e-01 -1.56985030e-01
  2.40195692e-01 -1.74729452e-01 -4.98478450e-02 -1.85245454e-01
 -1.08879600e-02 -1.94613874e-01 -2.01369241e-01 -3.48889269e-02
  7.30543658e-02 -1.10396504e-01  1.76463544e-01  1.72687769e-01
  2.35691652e-01 -2.91430384e-01 -2.44512199e-03  1.11090332e-01
 -1.41634643e-02  5.03702946e-02 -2.97854040e-02  3.70498002e-02
  6.72016367e-02 -3.16047639e-01 -2.66681790e-01  1.60124786e-02
  5.80798388e-01  7.28383735e-02  1.09208524e-01  1.97418675e-01
  1.94248736e-01 -3.71332526e-01  3.30645889e-02  2.00095609e-01
  2.09288625e-03 -2.28716150e-01 -2.41423659e-02  1.45150144e-02
  1.51477784e-01  1.76327616e-01 -4.64625627e-01 -3.48468907e-02
  6.15294017e-02  2.48242170e-01 -2.42069498e-01  2.86872029e-01
 -1.12217396e-01  2.85008252e-01 -9.90484934e-03 -1.98368356e-01
 -2.36386172e-02 -1.05521433e-01  5.12734473e-01  6.53403029e-02
  5.57642519e-01 -4.49051023e-01 -3.83260489e-01 -1.03860982e-01
 -1.02281468e-02  2.22957097e-02 -2.00269312e-01  2.07983822e-01
  3.03120494e-01  1.60923854e-01  1.41309036e-04  6.40535802e-02
 -1.29258618e-01  1.92602471e-01 -1.16178785e-02  2.30138734e-01
 -1.51649445e-01  2.23417848e-01 -1.00312650e-01 -6.42720386e-02
  3.54519814e-01  2.80184358e-01  4.46943164e-01 -1.11158134e-03
  2.94835150e-01 -1.42808139e-01 -4.88940626e-02 -1.27768427e-01
  4.04059052e-01  2.02474426e-02 -1.16641365e-01  2.72715122e-01
  4.34251316e-02 -2.90623367e-01 -1.52050614e-01  7.27432668e-02
  3.38545352e-01 -2.95619577e-01  3.99381548e-01  4.43093777e-01
 -5.30844666e-02 -1.11991368e-01 -2.35147566e-01 -2.45677248e-01
  1.80330500e-02 -1.97309583e-01  2.01254189e-01 -1.87156305e-01]
of	[ 2.14216620e-01 -2.39485782e-02 -2.12042555e-01  1.13369092e-01
 -1.88260660e-01  1.67271778e-01 -7.89487213e-02  1.66221410e-01
  5.29360734e-02 -2.21498564e-01  1.05134569e-01 -7.46574486e-03
 -1.70327604e-01 -2.94741601e-01 -7.89040029e-02 -1.14253433e-02
 -5.81247769e-02  7.97127560e-02  2.57400095e-01 -9.54791624e-03
 -4.89878617e-02  1.39725596e-01  9.81064737e-02 -2.83808708e-01
 -1.90711498e-01  1.05231684e-02  1.67947739e-01  5.86596504e-02
 -1.86841130e-01 -2.72813052e-01 -3.60652000e-01 -2.70989388e-02
  3.10422808e-01  1.45668760e-01 -1.96175620e-01  1.88230183e-02
  9.69889462e-02 -1.66618556e-01  1.02994144e-01  8.58705938e-02
 -1.29187703e-01 -3.86172608e-02 -2.30462477e-02  7.95525610e-02
 -1.58092186e-01  1.60888687e-01 -4.37796637e-02 -4.07958478e-02
  2.31390953e-01  7.76277557e-02  3.75265107e-02  6.13494627e-02
 -2.47115344e-01 -1.78354427e-01 -9.20595974e-02 -6.76570013e-02
  9.64383036e-02  1.52786851e-01  7.81968981e-02  7.24442303e-02
 -1.04800954e-01  1.54965013e-01  1.27005592e-01  8.01301748e-02
  1.50688618e-01 -1.70275211e-01  3.12446773e-01  1.71364695e-01
  1.60294041e-01 -1.51276169e-02 -2.12981611e-01 -1.11443631e-01
 -2.18436912e-01 -2.12884787e-02  4.21144366e-02 -7.17949495e-02
  1.31478727e-01  6.11646064e-02  2.51064776e-03 -2.67858952e-01
  2.09363133e-01  8.48206729e-02  2.10380822e-01  1.79929614e-01
  8.00128654e-03 -1.62539575e-02  6.34455646e-04 -5.96361943e-02
 -1.92517862e-01  1.33027077e-01  1.36386737e-01 -1.55611277e-01
 -9.53973755e-02  2.92076081e-01  1.20374141e-02  7.18404278e-02
 -4.70092148e-02 -1.73036829e-01  1.15180887e-01  6.75567836e-02
 -3.97943892e-02 -1.93513781e-01 -1.65773287e-01  3.29188436e-01
 -1.73921779e-01 -1.83010221e-01  2.13832229e-01  8.42629597e-02
  1.56681563e-04  2.13862255e-01  1.17808565e-01 -7.42953494e-02
  1.12488300e-01  6.31119013e-02  9.86164808e-02 -1.19859673e-01
  3.62506770e-02 -1.43851247e-02 -2.34413639e-01 -5.05283996e-02
  3.25951368e-01  6.92944899e-02  7.58352829e-03 -6.12906516e-01
 -1.96784079e-01 -3.04708391e-01  1.77451931e-02  4.67058085e-02
 -6.74607232e-02  6.30355552e-02  2.41163149e-01  2.67573416e-01
  1.39424473e-01  1.68233380e-01 -1.46124989e-01 -1.70518264e-01
 -1.40977383e-01 -3.86993647e-01  3.71916629e-02  2.24969149e-01
 -1.40467346e-01  2.95141459e-01 -5.72940195e-03  1.14900880e-01
 -3.46042007e-01 -9.16661918e-02  1.21817946e-01 -9.99402627e-02
 -9.59459990e-02 -1.76959932e-01 -7.62342364e-02 -9.16924924e-02
 -2.46667564e-01 -5.44000454e-02  2.03342825e-01 -3.06975236e-03
  3.44273001e-01  4.75810878e-02 -3.15946713e-02  7.22622871e-02
 -1.75294086e-01  7.15689510e-02 -2.14123026e-01 -1.37525275e-01
  1.90104786e-02 -7.61409923e-02 -6.18587472e-02  1.57879144e-02
 -1.70322135e-01 -4.27709669e-02 -8.79203808e-03 -2.82208502e-01
  2.13735044e-01  1.13503784e-01 -6.76745847e-02  2.97825281e-02
 -7.56092295e-02  2.04578027e-01  3.41334613e-03  7.76374852e-03
 -2.89016291e-02 -6.48992062e-02  1.68981273e-02 -1.01902336e-01
 -3.16322893e-01  1.92172844e-02 -1.61248147e-02  1.12043038e-01
  3.66469890e-01 -1.03779033e-01  5.55099361e-02  2.20784117e-02
 -7.50995334e-03  5.28348722e-02  2.64981221e-02 -2.41233725e-02
 -3.59024294e-02 -1.26670403e-02  1.14114709e-01  6.85692951e-02
  3.51477340e-02 -3.87113579e-02 -1.82921253e-02 -6.51201680e-02
 -8.53283927e-02 -1.36958808e-01  1.92170646e-02  1.91398472e-01
 -1.45736203e-01 -4.78597805e-02  1.85010031e-01 -1.42809033e-01
 -1.15984259e-02 -1.78779140e-01  2.82796800e-01  1.66169688e-01
  7.71844238e-02 -3.93334962e-03 -5.64347468e-02  7.38964379e-02
  1.11452825e-02  9.24770162e-02 -2.91352030e-02 -1.47810012e-01
  7.20164776e-02 -2.56387264e-01  9.02873576e-02  1.19729243e-01
 -5.67913204e-02  5.28787114e-02 -1.03919946e-01  3.21562558e-01
  4.51963209e-02 -2.43855864e-02 -1.83728620e-01  6.17064200e-02
  1.05455242e-01  1.63206443e-01  1.58440217e-01 -2.45536491e-01
  8.76444567e-04  9.27423462e-02  8.11984390e-02  3.53606284e-01
  1.58435747e-01  5.01772575e-02  1.59471825e-01 -2.16573983e-01
 -1.09118164e-01 -5.57005592e-02  3.28785740e-03 -9.16195065e-02
  1.23643160e-01  2.28211433e-01 -1.32886738e-01  6.57713935e-02
  4.32580970e-02 -2.25701898e-01  2.57437583e-02 -2.30889544e-01
  2.01203763e-01 -1.00782597e-02 -2.00778708e-01 -3.23912874e-02
 -9.60720107e-02  3.52148898e-02 -3.89068238e-02 -9.01190042e-02
 -2.21857414e-01  7.33630583e-02  2.49398593e-02  8.05426948e-03
  2.30863109e-01  2.50390209e-02 -5.25123104e-02  2.70325035e-01
 -2.01677844e-01 -1.09972991e-01 -1.34962067e-01 -2.00353310e-01
  5.96777946e-02 -6.53853267e-02  1.00022480e-01 -1.70906559e-02
  3.49651963e-01 -8.21753591e-02 -2.97586061e-02 -9.24478397e-02
  5.24557866e-02  2.25492716e-01  2.49413863e-01  1.60123408e-01
 -1.03503175e-01  4.83532734e-02  1.26722410e-01 -1.74048752e-01
  1.97615281e-01  2.40860179e-01  1.29871562e-01 -1.22235574e-01]
five	[ 7.70021677e-02 -1.21115679e-02 -1.79353386e-01  6.50447756e-02
  1.65623918e-01  1.41801432e-01 -1.66914448e-01  1.64157972e-01
 -1.16271712e-01 -2.08744764e-01  1.79777130e-01 -6.33176193e-02
 -7.02161193e-02  1.27203792e-01  1.85242325e-01  4.25794393e-01
  1.05844088e-01  4.41869274e-02  4.24447022e-02  2.05714986e-01
  1.59782898e-02 -1.30630612e-01  1.65972319e-02 -1.61639154e-01
 -3.33876073e-01  2.23064333e-01  7.23282993e-02  2.76308388e-01
  8.33321586e-02  3.21400911e-02 -1.89512875e-02  8.41607004e-02
 -7.09311888e-02  5.80153875e-02 -2.00683072e-01 -2.04239458e-01
 -1.70432646e-02  4.25711721e-02  2.06540689e-01  1.18021049e-01
 -2.14524135e-01 -1.82184443e-01 -1.48395613e-01 -3.10326982e-02
 -2.17117518e-01 -2.19932664e-02 -1.88016802e-01  1.44305201e-02
  4.47042674e-01  8.12299550e-02  3.92676815e-02  1.59288645e-01
  2.17994885e-03 -2.44179726e-01 -4.58466798e-01 -1.49580792e-01
  3.75609756e-01  8.16570669e-02  2.85822421e-01 -2.53308266e-01
 -1.50888994e-01  2.14110628e-01  2.17213973e-01  1.32366568e-01
  3.58270496e-01 -1.57675147e-01  3.70694399e-01  3.24539065e-01
  8.13167244e-02  1.24656044e-01 -3.35421681e-01  3.49918567e-02
 -1.73952416e-01 -1.20492429e-01 -3.99886258e-02  1.67005315e-01
  2.23761454e-01 -1.55605569e-01 -1.00418992e-01 -7.06027374e-02
  7.08822384e-02  1.15259118e-01  1.90142140e-01  2.86087859e-02
  8.04997701e-03 -1.72135651e-01 -1.04340585e-02 -1.29711494e-01
 -2.28897363e-01  3.20242435e-01 -2.01454535e-02  4.01136130e-02
 -8.15847442e-02  1.57977387e-01 -6.72157481e-02  7.28732049e-02
  6.47269236e-03  1.96614906e-01 -6.69981167e-02 -7.18766600e-02
  1.50844827e-01 -1.41014934e-01 -1.03779018e-01  4.85871825e-03
  3.72044951e-01 -2.06014276e-01 -6.29642010e-02 -9.45547149e-02
 -1.95698291e-01 -1.70333475e-01  1.00168332e-01 -3.26636463e-01
  1.37126684e-01 -8.64529237e-02 -1.33857220e-01 -1.42299727e-01
 -9.29710865e-02  1.18403271e-01 -8.05943385e-02  9.44623649e-02
  7.70974681e-02  1.41439423e-01 -1.69824362e-01 -1.39345691e-01
 -3.52133691e-01 -3.03301513e-01 -1.13514602e-01 -1.74760565e-01
  1.02698123e-02  1.56479418e-01  4.61944580e-01 -9.93410945e-02
  2.21419573e-01  3.15113991e-01  8.49479884e-02  7.91313499e-02
 -1.13695294e-01 -5.29592454e-01 -1.57454520e-01  2.52399504e-01
 -3.57023388e-01  4.93378341e-02 -1.05376437e-01  3.25549126e-01
 -4.26563174e-01  2.04945177e-01  1.76495761e-01 -1.35957390e-01
 -1.05614416e-01 -2.84341536e-02  4.72240001e-02 -4.98440206e-01
 -1.53393760e-01 -3.85412946e-02  1.53668106e-01 -2.79630888e-02
  1.36476591e-01  4.64587182e-01  2.88005243e-03 -4.10342515e-02
 -2.06491258e-02  6.45171925e-02 -1.97780058e-01 -2.78867066e-01
  4.66153026e-02  2.83512235e-01 -2.15057423e-03  1.84527248e-01
  7.24038854e-02 -1.59483805e-01  2.46444643e-01 -4.13843304e-01
 -9.13611334e-03  4.22499865e-01 -2.28483468e-01  1.31973132e-01
  3.73984128e-01 -9.39343125e-02  2.41446078e-01 -9.97927934e-02
  1.03360966e-01 -5.17618693e-02 -1.76275134e-01  1.16891645e-01
  1.94118731e-02 -1.30074754e-01  5.31044528e-02  5.98708466e-02
  1.61283597e-01 -1.20027989e-01 -1.29753128e-01 -6.58194274e-02
 -1.02096260e-01  1.32411852e-01 -1.16843097e-01 -1.51568398e-01
  1.27082139e-01 -4.58561722e-03  4.56391126e-02 -2.39536598e-01
  1.44573987e-01 -1.44089190e-02  6.77149892e-02 -2.67358094e-01
  6.27012402e-02 -2.55927980e-01 -5.22221923e-02  1.67338118e-01
  2.05626264e-01  8.95863175e-02  3.15169603e-01  1.42347395e-01
 -1.41172603e-01 -6.27585053e-02  2.78879672e-01 -2.17477053e-01
 -1.77343301e-02  5.97853027e-02  4.92367685e-01  5.71885854e-02
  2.68814862e-01 -5.35172224e-02 -3.73132527e-01  9.75613594e-02
  1.83118463e-01  1.78033337e-01  3.24004114e-01  3.65144908e-02
 -2.66579986e-01 -1.08319521e-02  1.41488001e-01  3.47714722e-01
 -2.03576144e-02 -1.58247039e-01 -2.61637792e-02 -4.35954258e-02
 -6.21418990e-02 -5.38450889e-02  6.42564744e-02 -9.04768780e-02
 -3.38146567e-01  1.61764607e-01 -1.25285253e-01 -1.34009868e-01
  9.95571166e-02 -4.42617871e-02  1.18077300e-01 -1.33326814e-01
 -2.20214844e-01 -3.75491232e-01  2.86555260e-01  3.58792245e-02
  3.07571858e-01  2.65495814e-02 -3.67071986e-01 -1.30389690e-01
 -2.41600066e-01  1.10691577e-01 -8.67916048e-02 -2.94124596e-02
 -4.96741617e-03  2.21485585e-01  1.45372199e-02 -1.47210985e-01
  3.84395123e-01 -2.50996888e-01 -1.96552575e-01 -6.51542395e-02
 -5.13324916e-01 -1.33576542e-01 -1.56326573e-02 -9.40028057e-02
  1.50996611e-01 -2.00801447e-01 -4.47560474e-02  1.18135527e-01
  2.44698924e-04  2.34609153e-02 -2.16242880e-01  9.40397009e-02
  3.20383348e-02  1.18924782e-01 -1.37553275e-01  1.64736956e-01
 -1.76901087e-01 -4.21353638e-01  2.59129703e-01 -2.83162203e-02
  1.01195790e-01  1.43300414e-01  2.36589447e-01  2.69523054e-01
  2.51931995e-01 -1.02125525e-01 -1.36065871e-01  2.68642250e-02
  8.11310858e-02  1.01776021e-02  2.13640675e-01 -1.41829073e-01]
boroughs	[ 3.33043963e-01  7.29531273e-02 -9.79369432e-02  1.76503181e-01
  4.96425331e-02 -1.12673171e-01  3.62152576e-01  2.94194758e-01
 -2.71810025e-01  1.86175883e-01  5.24450362e-01  3.03478129e-02
 -8.08805320e-03 -6.42876420e-03  2.31813103e-01  1.17828848e-03
 -2.96182364e-01 -2.21202731e-01  3.92248780e-02  6.55723095e-01
 -2.03580692e-01  4.27228034e-01  1.84179530e-01  1.69734836e-01
 -8.25282782e-02 -3.34409505e-01 -1.47344351e-01 -1.04680844e-01
 -2.77290881e-01 -3.85189474e-01  2.62803614e-01  1.78519264e-02
 -1.55544102e-01 -2.55913436e-01 -2.97102898e-01 -6.85716197e-02
 -2.88204163e-01  2.77011871e-01 -5.22997618e-01  2.17919022e-01
 -5.68302125e-02 -4.02317345e-01 -1.78292438e-01  2.87645876e-01
  9.76571441e-03 -1.81781009e-01 -2.14191586e-01  3.44194740e-01
  1.98571399e-01  2.06042901e-02  4.09767747e-01 -2.80067146e-01
 -1.50447249e-01  2.73370922e-01 -4.05029543e-02  3.66974205e-01
 -2.49819428e-01  3.71519953e-01  4.84136082e-02 -4.83990341e-01
 -1.16593555e-01  1.05065964e-01  2.84261763e-01  6.38131201e-01
 -3.30644071e-01 -7.02081859e-01 -2.90648907e-01  1.67553440e-01
  2.92745441e-01 -1.75716504e-01 -6.88134953e-02  5.26121929e-02
 -3.57554585e-01  1.62494350e-02  3.27094376e-01  2.53408849e-01
 -1.78094476e-01  2.76283026e-01  4.20531958e-01 -1.32121131e-01
  1.09964237e-01 -5.09195268e-01  1.33909017e-01  4.95908260e-01
 -4.31067318e-01  5.79548217e-02 -2.38207698e-01  5.35303175e-01
  7.16375038e-02  2.98030525e-01  1.64895549e-01 -4.18114692e-01
 -3.97375792e-01  2.48324275e-01  1.99095443e-01  2.68520892e-01
  2.80297101e-02 -1.11402184e-01 -4.49863136e-01 -5.16663641e-02
  4.21267329e-03  2.32416719e-01  2.89878696e-01 -2.63812572e-01
  1.89700842e-01  7.00158030e-02 -1.32745817e-01  5.48894368e-02
 -4.40536499e-01  5.20150602e-01 -1.01960994e-01  3.58390033e-01
 -7.60522336e-02  9.40761864e-02  2.73813367e-01 -6.66543365e-01
  1.13713175e-01  8.00303757e-01  3.61631453e-01  7.74218664e-02
 -6.12332821e-02 -2.01195702e-01  1.68960452e-01 -1.61962703e-01
  1.33553624e-01 -3.96754534e-04  1.23240024e-01  2.80570596e-01
 -3.44143391e-01 -5.82687020e-01 -4.39052060e-02 -1.37683377e-01
  3.07699829e-01  5.98058820e-01  1.44551992e-01 -2.82351464e-01
  1.81588024e-01 -1.45176172e-01  5.54739296e-01 -1.93814307e-01
  9.05613005e-02  5.38906574e-01 -5.73775530e-01  1.10363849e-01
  2.13089481e-01 -1.16091594e-01 -1.11350548e-02  3.21359396e-01
 -1.06252413e-02 -2.87738502e-01  5.24304584e-02 -8.98688734e-02
  3.41222197e-01  4.79550838e-01 -6.57093942e-01  1.04054697e-01
  1.86144456e-01  1.78456441e-01  4.45682138e-01  7.90649280e-02
  1.47532165e-01  9.38636214e-02  2.14469388e-01  3.86555225e-01
  4.60492074e-02  1.23350352e-01 -6.21227594e-03 -2.14321151e-01
 -1.38843104e-01  3.29850435e-01  5.59096694e-01  2.66417146e-01
 -1.19415097e-01  8.90376121e-02 -2.76400685e-01  1.42343178e-01
  3.31417501e-01 -1.20023549e-01  2.83095717e-01  3.27628344e-01
 -3.34032834e-01 -1.43486470e-01  1.80408910e-01  3.59528482e-01
  4.86332364e-03  3.18949461e-01  2.55874246e-01  1.16084024e-01
  3.78695995e-01 -2.65871324e-02 -5.93462050e-01  5.96387452e-03
  2.92849332e-01  2.38847286e-01  2.19744757e-01  5.44417463e-02
 -2.57376917e-02  1.43473372e-01  2.88362682e-01  1.12295710e-01
  2.96408355e-01 -4.70201254e-01  2.53835112e-01 -4.13576782e-01
 -4.37058091e-01 -3.92950267e-01 -9.63861197e-02  9.58228335e-02
 -3.15961689e-01 -5.23744822e-02  3.32223862e-01  3.16788912e-01
 -1.21601790e-01 -1.46875441e-01 -2.79569831e-02  6.94082305e-02
  3.46709698e-01  2.36395434e-01  3.40517223e-01  6.71474516e-01
  3.63253862e-01  1.14100084e-01 -2.82163888e-01  3.07048745e-02
  4.71327931e-01 -2.52865109e-04  2.82294840e-01 -3.57586928e-02
 -1.99166700e-01 -2.73268193e-01 -3.32108617e-01  1.74995452e-01
  2.83309489e-01 -1.03168324e-01  2.07974222e-02  9.11334008e-02
  3.55079651e-01  2.04646751e-01 -7.68174946e-01 -1.93348095e-01
 -4.30643678e-01 -4.29989666e-01  2.16594785e-01 -2.37090155e-01
 -3.87781039e-02 -6.21012807e-01 -3.70686173e-01  4.73373476e-03
 -1.34181887e-01 -2.50337869e-01  3.19291264e-01  7.06687570e-02
  5.22805154e-02  1.04994901e-01 -1.11985467e-01  2.41281688e-01
 -7.70479083e-01  1.54349566e-01 -1.15701996e-01 -3.83488506e-01
 -3.79076377e-02  5.60619012e-02 -3.80982786e-01 -4.66205999e-02
 -5.77131286e-02 -2.49621749e-01  1.90152332e-01 -2.71012783e-01
 -4.33638126e-01 -4.48676944e-02 -2.40655109e-01  4.00706172e-01
  2.06533909e-01 -2.50744432e-01  3.71804923e-01  5.01900971e-01
  1.54206589e-01  1.63866933e-02 -1.34005412e-01 -3.14665407e-01
 -1.37322232e-01 -2.23349318e-01  1.52745293e-02  1.32399634e-01
  1.14145637e-01 -4.96118367e-01 -1.86316445e-01 -2.20660046e-02
 -1.32846579e-01 -1.19994864e-01  7.20031798e-01  5.19378364e-01
 -4.38118994e-01  9.43722725e-02 -1.12459615e-01  3.46489958e-02
 -2.90828291e-02 -1.83237180e-01 -3.45040709e-02 -2.03078732e-01]
new#E	[ 1.98697597e-01 -1.79408610e-01 -1.21225245e-01  3.25942308e-01
  6.73639551e-02 -9.10946950e-02 -1.89694941e-01  3.26948799e-02
  7.28599504e-02  1.64963957e-02  5.72662093e-02 -6.05083331e-02
 -1.09398857e-01  7.62129724e-02  1.12696096e-01  2.03490213e-01
  1.55555576e-01 -2.86886960e-01  1.79749414e-01 -3.59418057e-02
 -1.52173877e-01  2.87541777e-01  2.15732247e-01 -1.53316483e-01
 -9.32172984e-02 -1.64550394e-01 -2.51841545e-03  8.44533443e-02
 -6.95565343e-02  2.33298004e-01 -4.89042439e-02 -1.22817904e-01
 -1.12016837e-03  1.56022698e-01 -9.87793952e-02 -3.30023140e-01
 -1.43091857e-01  5.73703423e-02  7.67912418e-02 -1.51059300e-01
  1.17878012e-01 -1.91934168e-01  2.24748086e-02 -3.45102511e-02
 -3.01112801e-01 -1.98875383e-01 -9.78172719e-02 -5.08826561e-02
 -1.19222216e-01  8.42223465e-02 -6.72078282e-02  9.39896852e-02
  9.71433073e-02 -1.38806254e-01  1.46563696e-02  1.50976121e-01
 -1.15462551e-02 -4.04964350e-02  1.41411558e-01 -6.98939413e-02
  1.29917497e-02  2.34927565e-01  1.30260870e-01  2.93898940e-01
 -8.73185471e-02 -1.99155495e-01 -1.40538171e-01 -1.62266940e-02
 -4.53172885e-02 -1.48315966e-01 -1.10583730e-01  1.60024270e-01
 -1.95315063e-01  7.58373505e-03  5.61846942e-02 -3.31180245e-02
  1.90165833e-01  5.91597930e-02  2.34969929e-01 -3.39772217e-02
  1.15166813e-01 -8.16593841e-02  2.18730420e-02  1.40891233e-02
 -1.75593764e-01  1.28138289e-01  1.77943006e-01  6.70260377e-03
 -1.70991838e-01  2.94496082e-02 -1.44719183e-01 -3.72675210e-01
 -1.35761812e-01  4.11825240e-01  1.09303132e-01  2.07990706e-01
 -9.57092196e-02  8.36893693e-02 -1.89092427e-01 -1.56264618e-01
 -1.60784543e-01 -1.74190819e-01  1.17446013e-01  1.70801342e-01
 -3.31308730e-02 -7.30095580e-02 -3.12470704e-01 -7.85398409e-02
  2.51234323e-01  7.08564520e-02 -9.29101184e-03  1.96701035e-01
  7.95342848e-02  1.78908780e-01  4.92727272e-02 -2.02582717e-01
 -1.13712713e-01  1.48418784e-01 -4.13297832e-01  7.96773314e-01
  1.00215800e-01 -9.38844383e-02 -1.60356537e-02 -2.98205435e-01
 -1.36778116e-01 -3.84831846e-01 -2.35947706e-02 -1.71941966e-01
 -3.08057782e-03  8.18650983e-03  3.96904916e-01 -2.85343863e-02
  2.27118820e-01 -9.70236436e-02 -3.44101153e-02 -3.47586781e-01
  9.48207006e-02 -2.05443814e-01 -2.38678530e-02 -6.06298186e-02
 -1.86969973e-02  4.24435139e-01  8.08844268e-02 -7.35380724e-02
 -4.92428213e-01  3.74220222e-01  7.20015541e-02 -3.59505638e-02
  1.55416757e-01 -3.90150957e-02 -2.76542842e-01 -1.81696400e-01
  1.84321985e-01 -1.40718713e-01  2.01659709e-01 -1.43942479e-02
  1.82861552e-01  2.90245473e-01  1.22034296e-01 -7.50171319e-02
  1.60624012e-01 -4.01558280e-02 -1.69961974e-01  1.87966660e-01
 -1.11425206e-01  3.05136830e-01 -2.13214487e-01  4.03069891e-02
 -3.22763264e-01 -3.67024451e-01 -4.66143200e-03 -2.41451487e-01
  7.85140693e-02 -1.61575489e-02 -9.02379826e-02 -3.59751694e-02
  1.10508852e-01 -1.22539224e-02 -1.73048139e-01 -1.83948189e-01
 -3.11930746e-01  1.09966695e-01 -2.53632009e-01 -2.31905445e-01
 -1.73936591e-01  1.29112557e-01 -2.41517633e-01 -4.03747559e-02
  1.89493015e-01 -1.61383808e-01  5.51270694e-02  1.58800744e-02
  1.11789130e-01  1.73010141e-01  1.59947842e-01  1.70538947e-01
  1.34820119e-01  1.16695143e-01  1.67671870e-02  1.02296270e-01
  2.14369781e-02  1.24693446e-01  1.71731457e-01  7.55598694e-02
 -1.28707319e-01  2.86550760e-01 -1.77184954e-01  2.81059276e-02
 -3.89788486e-02  2.40307480e-01  4.12660949e-02  8.00667107e-02
 -2.79938467e-02  7.00764731e-02  1.97678760e-01  4.70384583e-02
  2.49572787e-02 -5.07494807e-02  3.84258777e-01  3.44135791e-01
  1.24848507e-01 -1.75589189e-01 -1.48282722e-01 -1.08383112e-02
  1.50523365e-01 -2.19735041e-01  2.46106282e-01  2.58624941e-01
 -1.86504975e-01 -7.44844675e-02  4.83335704e-01 -3.67835820e-01
 -2.62321979e-02  2.43773088e-02 -5.60456701e-02  1.75329685e-01
  4.46881168e-02 -1.08840257e-01 -5.77905099e-04 -5.06722152e-01
  7.74946660e-02  6.99141547e-02  3.61145705e-01 -2.71996349e-01
 -3.05062607e-02  7.39566237e-02  2.67690241e-01  6.04932494e-02
  2.18098804e-01 -1.23152956e-01  5.11565469e-02  6.57160133e-02
 -2.78675482e-02 -1.04489170e-01  1.06161565e-01 -3.58202122e-02
  1.70895979e-01  7.64312893e-02 -2.29594067e-01 -2.16586031e-02
 -5.30248322e-02  1.12480715e-01 -2.84546465e-01 -1.30061671e-01
  2.07935482e-01 -3.72089297e-02 -7.11780216e-04 -1.16868794e-01
 -3.73067260e-01  2.94083059e-01 -3.60368378e-02 -5.51107281e-04
  1.53367519e-01  4.61097583e-02 -1.47229001e-01  2.54512638e-01
 -2.35145599e-01  1.21423816e-02 -1.51996270e-01  1.72900259e-02
 -2.35847563e-01 -3.35757658e-02 -1.17004011e-02 -1.99065700e-01
 -3.69976391e-03  7.68003464e-02  1.26776733e-02 -6.95750788e-02
  1.60900801e-01  2.67440528e-01 -2.89135668e-02  3.27362925e-01
  8.62861723e-02  2.72804238e-02 -5.25781512e-03  3.75708014e-01
  1.83512792e-01  7.05374032e-02  1.54813513e-01  6.95485622e-02]
york#E	[ 0.20054516 -0.12222669 -0.01333625  0.32972965 -0.00476746 -0.03474087
 -0.3010675  -0.01158542  0.07307917  0.04312605  0.13829732 -0.00711214
 -0.10210534  0.18934861  0.0851687   0.15732382  0.14193475 -0.05168174
  0.15282251  0.20826554 -0.28945443  0.2476076   0.3061513  -0.02202424
  0.02118252 -0.16571145 -0.15305828  0.05295854 -0.04183814  0.22290838
 -0.03170811 -0.07997525 -0.12624188  0.03603914 -0.06168828 -0.41883644
 -0.12400828 -0.11054862  0.04187765 -0.29111904 -0.03448789 -0.25343034
  0.05383852 -0.02417964 -0.14956756 -0.2737866  -0.08580945  0.08209313
 -0.17255017  0.13637905 -0.06278329  0.0748454  -0.03669775 -0.11847398
 -0.12187319  0.05966851 -0.15669794 -0.10292662  0.11743362 -0.17701516
  0.07979126  0.2391533   0.0451198   0.54083145 -0.2963736  -0.12062274
 -0.22591995  0.11822002 -0.08639726 -0.11001553 -0.20345946  0.2620529
 -0.24869     0.00546485  0.00087566 -0.00753663  0.19744965  0.17928724
  0.34565723 -0.01833606  0.0036948  -0.09648245  0.08129695  0.18970077
 -0.21382022  0.18290503  0.15019342 -0.02925406 -0.11308826 -0.13659236
 -0.0451201  -0.351324    0.05256925  0.29070902  0.18583669  0.3620356
 -0.26037908 -0.07173735 -0.15712923 -0.06057557 -0.2509509  -0.39193693
  0.22016934  0.12382696 -0.03325246 -0.04216324 -0.39499828  0.1365164
  0.11486521  0.10039706 -0.11337268  0.06306567  0.14239253 -0.05575692
  0.11285043 -0.3519268  -0.1798178   0.09368808 -0.39370084  0.8548938
 -0.05361959 -0.1176028   0.04454773 -0.15915348 -0.15721089 -0.33442494
 -0.06496539 -0.12601362  0.00458178  0.10092355  0.5145634   0.07702676
  0.09112022 -0.04736436 -0.19286017 -0.27240196  0.23768003 -0.25642636
  0.04698253 -0.23831096  0.00954281  0.3513811   0.07479843 -0.05735118
 -0.58955306  0.2618689   0.09078023  0.21227375  0.18924782  0.21140365
 -0.23564796 -0.20167534  0.13751794 -0.33413175  0.2027329   0.0567396
  0.20882258  0.16621342  0.22675231 -0.15501453  0.0627939  -0.09651905
 -0.0863272   0.2516924  -0.05255504  0.35292667 -0.20430532  0.01412907
 -0.44315666 -0.35986227 -0.03214351 -0.29142094  0.0754697  -0.2084861
 -0.1605997  -0.04705436  0.10043863  0.0802201  -0.08320367 -0.09303123
 -0.38224128  0.27107507 -0.11598371 -0.12608391 -0.07629693  0.22332081
 -0.24945012  0.01745904  0.11160336 -0.02182329 -0.02842348 -0.05447018
 -0.14253834  0.17007175  0.16523154  0.04780928  0.13713007  0.01485577
 -0.07795756  0.18969774  0.21542056  0.0619514  -0.03304806  0.03838824
 -0.07603922  0.2663186  -0.05995071 -0.044069   -0.02357628  0.12046437
  0.11870712 -0.0562413  -0.01166211  0.11069135  0.27677396  0.0879937
  0.0953262  -0.08018701  0.36193365  0.3832229   0.04634675 -0.11476809
 -0.2096016  -0.06438733  0.09187983 -0.1617702   0.16539195  0.1845284
 -0.2020145  -0.01343547  0.3105299  -0.3497574   0.14393651 -0.05054921
 -0.10678839  0.2839799  -0.14606242 -0.20921932 -0.13254778 -0.37855765
  0.3251756   0.2599722   0.3072326  -0.28504992  0.04457283 -0.0175869
  0.2584521   0.00895513  0.40801293 -0.2119535   0.10363193  0.14129455
  0.35365063 -0.02591896  0.09670053 -0.02211411  0.13340393  0.04500704
 -0.23469253 -0.0207561  -0.15094453  0.15680519 -0.4335525  -0.05020198
  0.19714506 -0.09473874 -0.00795207 -0.24967624 -0.21727443  0.28571808
 -0.1038655   0.09968989  0.12172934  0.0309806  -0.1454906   0.17424028
 -0.10188195 -0.03700441 -0.03814399  0.06790934 -0.254069    0.03382934
  0.0264081  -0.15569055 -0.12823151  0.10148355 -0.13022214 -0.09072345
  0.1510278   0.40860605  0.07686647  0.3636596  -0.05339939  0.04854428
  0.03933286  0.4710656   0.21036467  0.06690557  0.10604852  0.01793348]
city#E	[ 1.89921930e-01 -1.79558486e-01 -1.00625986e-02  2.20522121e-01
 -9.96808186e-02  6.89460188e-02 -2.79009134e-01 -2.91367322e-02
  9.07680988e-02  1.96525648e-01  5.78974672e-02  2.53862701e-02
  6.35343865e-02  8.12817514e-02  6.71168184e-03  3.20357800e-01
  1.00898497e-01 -2.37546444e-01 -1.11545600e-01  8.68666843e-02
 -8.88636932e-02  2.87412573e-02  8.63660052e-02 -7.06412047e-02
  3.22375707e-02 -2.60457098e-01 -3.87253799e-02 -1.58933923e-02
 -1.48635805e-02  5.78397550e-02 -8.67592543e-02  1.04106292e-01
 -3.21328968e-01  3.41455072e-01 -1.57794043e-01 -4.11065340e-01
 -8.45579654e-02  1.43401965e-01  3.77250882e-03 -9.98759940e-02
  9.35667530e-02 -7.76423514e-01  1.07620537e-01 -2.26815566e-01
 -2.08827838e-01 -6.18514232e-03 -3.51053655e-01  1.05010189e-01
  3.07725258e-02  1.46393076e-01  5.19474745e-02 -5.40632755e-03
  6.29361868e-02 -4.67312112e-02  2.95493044e-02  1.60150543e-01
 -1.86082348e-01 -6.54133316e-03  1.23246811e-01 -4.15724218e-02
  2.07711712e-01  9.50759277e-02  1.99934572e-01  3.41077089e-01
  1.43426508e-01 -3.61141264e-01 -2.01614514e-01 -4.96174991e-02
  5.07197231e-02  2.28416383e-01 -3.62977505e-01  4.04627286e-02
 -5.22561185e-02 -6.21014796e-02  1.02911301e-01 -3.39685902e-02
  9.66184586e-02 -6.82319701e-02  2.25208193e-01  6.01841249e-02
 -7.23192990e-02 -2.77209967e-01 -1.87137723e-01  2.59089500e-01
 -2.07719877e-01 -2.14651451e-01  1.91175751e-02 -2.21750751e-01
 -1.99443549e-01 -2.78091669e-01 -1.58526022e-02 -2.25099042e-01
 -2.86612451e-01  4.82373029e-01  2.62972444e-01  2.21829876e-01
 -1.48028448e-01 -1.02156036e-01 -3.72850239e-01 -2.24757031e-01
 -1.53457984e-01 -1.09567434e-01  1.44031525e-01 -6.10299967e-02
 -3.26340318e-01 -2.51741141e-01 -4.20308888e-01 -7.88256750e-02
 -1.65221356e-02  2.57924587e-01 -9.20872241e-02  5.25820374e-01
 -1.48185827e-02  1.80747584e-01  1.19289190e-01  5.65951504e-03
 -8.58103931e-02  3.86667490e-01 -4.00855273e-01  4.35024470e-01
  2.09623486e-01  1.87675640e-01  6.78737089e-02 -2.06196103e-02
  9.54529196e-02 -2.35710144e-01 -1.21854849e-01 -4.50616665e-02
 -2.61581540e-01 -6.69538751e-02  1.22560389e-01  7.10395724e-02
  2.63120621e-01  5.32332323e-02 -4.05831002e-02 -3.43712538e-01
  8.75465497e-02 -4.22306269e-01 -9.59564373e-02 -3.54301095e-01
 -6.72870735e-03  3.42642039e-01 -1.78507417e-01 -9.76026654e-02
 -6.86115146e-01  3.27728614e-02  2.42339283e-01  1.27772138e-01
  3.52262914e-01 -2.71486312e-01  1.36913419e-01 -1.05233140e-01
  2.35653296e-01 -2.31601551e-01  1.96593687e-01  1.04819827e-01
 -2.09682226e-01  9.84949917e-02 -3.35593149e-02  4.18154188e-02
  1.08069681e-01 -1.38417602e-01 -2.54863262e-01  2.35758826e-01
 -1.62691236e-01  9.35817286e-02 -1.55060574e-01 -7.07807136e-04
 -2.71769792e-01  6.03419915e-02  1.06319405e-01 -2.81319380e-01
 -1.55883849e-01 -7.96919093e-02 -9.74135473e-02  4.44620475e-02
  2.37097025e-01 -3.02660558e-02 -5.79513907e-02  9.77203175e-02
  1.75217777e-01 -1.28903031e-01 -1.33141041e-01 -2.79329687e-01
  2.62654889e-02 -1.15638912e-01 -1.40863597e-01  1.60696477e-01
  1.69847891e-01 -2.34873176e-01 -1.51580945e-01 -1.07051849e-01
  1.20047621e-01  1.31646290e-01  1.01220921e-01 -2.10142449e-01
  4.00288738e-02  5.60985431e-02 -1.51251972e-01  9.29077044e-02
 -1.57779440e-01  3.00469585e-02  2.72702575e-01  1.71356369e-02
 -2.56852806e-01  1.01226620e-01 -9.69137773e-02 -4.05556858e-01
 -3.35207015e-01  5.81014156e-02  3.52050245e-01  9.58930552e-02
 -6.43260404e-02 -6.30204827e-02  1.85521811e-01  6.73094578e-03
 -1.83041058e-02 -9.80592445e-02  3.40364814e-01  6.08233809e-01
  1.84667170e-01  4.36296351e-02 -1.52899712e-01  3.83795612e-02
  1.24038607e-01 -3.09632421e-01  1.48773760e-01  1.36904657e-01
 -1.39953390e-01 -6.09213673e-02  4.83005866e-02  2.54836045e-02
 -1.61027610e-01 -6.59132749e-02 -8.85680020e-02  2.32928395e-01
 -1.04518078e-01 -1.45129725e-01 -3.72879773e-01 -4.21093166e-01
  6.71243295e-03  9.44065526e-02 -7.22546652e-02 -2.28082523e-01
  8.32094550e-02  1.40208274e-01  2.11696610e-01  1.16024531e-01
  1.90298513e-01 -1.03088968e-01  2.14133754e-01 -1.38238445e-01
  1.57070085e-01  2.22233403e-02  2.96234861e-02 -1.75638840e-01
 -5.04013151e-02 -2.80208401e-02 -1.11474253e-01  4.54864763e-02
 -2.30475605e-01 -1.02489375e-01 -7.22837523e-02 -8.87226835e-02
  1.95333868e-01 -1.96777478e-01  2.31974617e-01 -1.18818894e-01
 -8.54517519e-03  1.94676667e-01  7.77122304e-02 -6.22747950e-02
 -1.93278901e-02  1.17774382e-01 -6.76074699e-02  1.11222327e-01
 -3.73630151e-02 -1.00696430e-01  8.48311260e-02 -1.63208367e-03
 -2.19659775e-01 -1.23431712e-01 -4.04280573e-02 -9.35620666e-02
  8.82589258e-03 -7.50001194e-03 -1.39171734e-01 -8.16489533e-02
  1.79366991e-01  1.70517802e-01  1.73097298e-01  8.25291798e-02
  1.51392790e-02  3.24075669e-01  4.54327762e-02  2.92605430e-01
  1.94736168e-01 -8.52692276e-02  3.09815794e-01  3.52908904e-03]
is#E	[ 3.72239590e-01 -6.15022257e-02 -2.77460204e-03  2.14039519e-01
  3.50398958e-01 -1.92696050e-01 -3.66733342e-01 -2.66317964e-01
  3.65412146e-01  8.65398720e-02  4.44107652e-02  9.38323513e-02
  2.00228080e-01  1.04901835e-01 -1.84796751e-02 -1.46371081e-01
  2.05221232e-02 -5.32950200e-02 -1.81037381e-01  1.21191479e-01
  3.83835770e-02  4.08427864e-02 -3.59099209e-02  4.24927436e-02
  3.75580275e-03 -2.13947833e-01  1.63143978e-01  1.15355082e-01
 -1.16910994e-01 -6.76584020e-02 -2.73518622e-01 -1.38322890e-01
 -1.12721033e-01 -2.65399925e-02  2.76649505e-01 -6.56356215e-02
 -2.89657358e-02 -4.22385894e-02 -7.75682693e-03 -3.09477597e-02
  2.98813313e-01 -4.68987167e-01 -2.78542340e-01  2.00868025e-01
 -1.03100337e-01 -2.48933714e-02 -2.90893912e-01  4.75290716e-02
  2.04653680e-01  3.49971242e-02 -2.65893549e-01  5.46944477e-02
  7.37880841e-02 -2.70697027e-01  1.73288807e-01  2.34913856e-01
  2.28401944e-02  6.33373037e-02  1.48844332e-01 -4.62126851e-01
  5.66457286e-02  2.03249976e-01 -1.91991955e-01 -1.30019411e-01
 -9.55928415e-02 -1.97055385e-01  1.76285103e-01  2.59270430e-01
  3.31184976e-02 -7.15967640e-02 -2.65537221e-02  3.08723330e-01
  1.68000236e-01  1.03743196e-01  3.86972964e-01 -2.06313208e-01
  3.51029396e-01 -2.43082017e-01 -1.48891121e-01 -2.07825035e-01
  4.12087649e-01 -1.57911092e-01  2.16240466e-01 -1.55449539e-01
 -2.00060233e-01  1.99698657e-01 -5.94099313e-02  2.26959866e-02
 -1.15540497e-01 -1.26576260e-01  1.27698213e-01 -4.87782508e-02
 -1.92536786e-01 -6.06395230e-02  7.19561577e-02 -1.72543712e-02
 -2.94731051e-01  6.62675011e-05 -2.38354012e-01 -9.28708091e-02
 -5.29931225e-02 -2.08093658e-01  5.68649136e-02 -1.18362486e-01
 -1.47031412e-01 -2.23507658e-02 -4.81980503e-01 -1.55262128e-01
 -1.43891543e-01  2.45830506e-01 -4.41926941e-02  4.43967104e-01
  2.73685098e-01  4.26120982e-02  1.55094653e-01  5.51478118e-02
 -2.61222236e-02 -1.09203495e-01 -7.97160566e-02  1.13306738e-01
  4.42201108e-01 -7.64530823e-02 -3.87022704e-01 -3.45196933e-01
 -1.58835515e-01 -1.46489695e-01 -1.28077269e-01 -2.35890672e-01
 -2.26904720e-01  1.40127689e-01  2.76899673e-02 -3.79141420e-01
 -2.57318705e-01 -2.16218904e-01  1.08028330e-01 -6.93199709e-02
 -3.35349411e-01 -2.32750237e-01  8.80126953e-02  3.51962477e-01
  5.63320741e-02  2.38197014e-01  1.09802619e-01  1.89863041e-01
 -1.55319080e-01  2.11793184e-01  1.75906554e-01  1.18583895e-01
  1.65717676e-01 -2.41051391e-01  1.24546066e-01  1.18624821e-01
  6.60045445e-02 -1.40255084e-02  3.82187337e-01 -2.34891936e-01
 -2.23959573e-02  4.50925559e-01 -5.51124662e-02  4.45090905e-02
  1.93987221e-01  5.02039380e-02  1.72548369e-01  7.32802525e-02
 -1.20707087e-01  2.28930324e-01 -3.95721532e-02 -5.04300296e-02
 -4.83430475e-01 -3.47406678e-02  1.47578597e-01 -3.16839725e-01
  1.81268990e-01 -6.01225272e-02  5.82462177e-02 -3.95235658e-01
 -1.24607887e-02  1.23544805e-01  7.67703429e-02  1.53602719e-01
  3.54771577e-02  2.15592962e-02  3.96719009e-01  3.38428468e-02
  1.41635850e-01  9.40247849e-02 -6.89481795e-02 -2.78500050e-01
  8.11414644e-02 -1.11414865e-01  3.21214795e-01 -5.86393364e-02
 -9.39633101e-02 -2.28239689e-02  2.11009637e-01  2.48019069e-01
 -5.47521673e-02 -4.73651923e-02  1.79543182e-01  2.07508460e-01
  2.03858390e-01 -1.22085363e-01  2.52466649e-01  2.68393248e-01
 -2.06919938e-01 -4.53766584e-02 -7.41410851e-02 -2.99029052e-01
  2.71954894e-01  2.41676584e-01  8.41920078e-02  4.51392308e-02
  2.59142905e-01 -6.05554767e-02  1.21467598e-01 -1.34641230e-01
 -3.26581928e-03  6.76866993e-02  1.00973643e-01 -3.15378308e-02
 -3.19368392e-02  1.63209647e-01  1.54778749e-01 -9.52479988e-02
  1.19397923e-01 -1.59705747e-02  4.06668931e-02  2.09479094e-01
  1.55330285e-01 -5.68143092e-02  3.19413580e-02  6.78399503e-02
 -2.44816318e-01 -2.00876266e-01 -3.56291741e-01 -3.09601367e-01
  1.15806088e-01  2.95496453e-02  1.03912815e-01 -3.94557975e-02
  1.44442454e-01  7.06967637e-02 -4.48210202e-02 -1.53784767e-01
  8.37796777e-02  1.73623487e-01  1.52282059e-01 -9.17381123e-02
  2.34223619e-01  1.00590989e-01  8.13303422e-03  1.32489473e-01
 -1.54869959e-01 -3.14671129e-01 -1.27628639e-01  2.87636638e-01
 -5.35941869e-02 -2.13698566e-01  3.07211513e-03 -1.84775323e-01
 -2.09735289e-01  1.74016684e-01  3.37615401e-01  8.73569623e-02
  5.63474894e-02 -2.20264822e-01  1.29933208e-01 -1.19499758e-01
  2.39952400e-01  1.40214294e-01  3.48646015e-01  1.29850641e-01
  7.77916387e-02 -3.38773817e-01  1.22170120e-01 -1.81316901e-02
  2.33779401e-02  1.92574129e-01  6.78131282e-02 -2.50932425e-01
 -5.86303249e-02  1.57185063e-01 -1.88107938e-01 -3.55988950e-01
 -2.08305344e-01  1.21559761e-01 -1.77594513e-01 -1.98070124e-01
  1.61960930e-01 -1.10924371e-01  2.25796714e-01  4.08897907e-01
 -3.67868617e-02 -1.98408812e-02  4.40657511e-02 -2.24617764e-01
 -3.78179029e-02 -1.02599487e-01 -1.46925896e-02  2.16276124e-01]
composed#E	[ 0.12672827  0.24960709 -0.1688676   0.15296714  0.34279802 -0.23567739
  0.01477453 -0.25522134 -0.09919722  0.04365009 -0.00413043 -0.01512772
  0.15579309 -0.01979396  0.24106753 -0.3583842  -0.02721685  0.13523492
 -0.30888948  0.16832854  0.13823748  0.38089323 -0.19592915 -0.3474233
  0.19860946 -0.49495342  0.3276082   0.10378362 -0.02859105  0.17579709
  0.07000824 -0.22774336 -0.28233236 -0.06043924 -0.53899616 -0.22309887
 -0.02201989 -0.25740463  0.01155482  0.5368941   0.02280761 -0.03174446
  0.01243789 -0.24510576  0.09115077  0.1125097   0.09965798  0.20834847
  0.3060069  -0.20338239  0.39035717 -0.06816718  0.15511422 -0.20272148
 -0.08786009  0.00957553 -0.35550782  0.36818135 -0.07896855 -0.11994183
 -0.09991837  0.39785245  0.36172596  0.18070021  0.03676475  0.04062488
  0.13085303  0.2717777  -0.1366376   0.01289619 -0.3580626   0.11970759
 -0.07769182 -0.2753421   0.22966456  0.11905305 -0.00322028 -0.084847
 -0.3507403  -0.2525992  -0.0252152   0.69044167 -0.0156149   0.5279811
 -0.33584875  0.10227903 -0.24460763  0.5533093   0.34434775  0.03462258
 -0.10389464 -0.20448194 -0.12119374  0.17555586  0.2286781   0.33036366
 -0.18980889  0.10905744 -0.34476936  0.01192928  0.3478455  -0.18392287
  0.194374    0.20168015 -0.4738394  -0.34056592 -0.6378706  -0.3929767
 -0.21627055  0.11657008  0.19304368  0.32228988  0.13596204 -0.04614934
 -0.16214556 -0.2705233  -0.2365836  -0.08949953 -0.21314602 -0.06824725
  0.14625047  0.05502918 -0.36872083  0.24621952  0.05640144 -0.23257321
 -0.1794056   0.15998134  0.10548072 -0.11366344  0.29507166 -0.58812326
  0.15241286 -0.24898611 -0.21238956 -0.06360362 -0.15451202 -0.15105362
  0.07256441  0.08566723 -0.5603391  -0.05068471 -0.09817291 -0.17388685
  0.094364    0.10639833 -0.08346262  0.23900715  0.14967242 -0.20904113
  0.28057447  0.15407807 -0.22365612 -0.05085266 -0.13067466 -0.13155857
  0.25694737  0.6596913   0.16751945  0.2610583  -0.15831076 -0.3223578
 -0.49251395 -0.01244871 -0.11390478  0.39330387 -0.1401133   0.03671541
 -0.30739585 -0.0689913   0.2715744   0.06543275  0.3227601   0.20525168
 -0.14128187 -0.3252358  -0.07188786  0.03757027 -0.01739041  0.07209039
 -0.07993183  0.09132327  0.21940291  0.25059563 -0.16993742  0.05062384
 -0.02929273  0.08526329 -0.09228332  0.24857518  0.03571255  0.14136207
 -0.40019867 -0.2667115   0.26397443  0.11518925 -0.05248583  0.02554075
 -0.19804113 -0.09643312  0.27830058 -0.26808733 -0.09576174  0.06984785
 -0.08761994 -0.41570634 -0.00497066 -0.04057821  0.14118244  0.08493277
 -0.00872754  0.40584326  0.12615472 -0.13335747  0.02942778 -0.22464593
 -0.00817563  0.04338545  0.14700794  0.28518432  0.291898    0.15495849
 -0.0111362   0.21759474  0.11159144  0.3398791   0.03120038 -0.02981603
  0.3172925  -0.18111205  0.13494527 -0.1369049  -0.31245652 -0.23157988
  0.15497409 -0.2110024  -0.11772856 -0.0936633  -0.34913796  0.26267257
 -0.10377359  0.22570693 -0.12865189  0.24162646  0.10705918  0.2375157
  0.27016208 -0.38795012 -0.35442334 -0.09455494  0.1729535   0.23680525
  0.33948568 -0.5197969   0.01834104 -0.06876464 -0.23369059 -0.26964757
  0.06219972  0.34545732 -0.09273957  0.13169898  0.01939953  0.23892698
 -0.22497268  0.1743778  -0.24149047 -0.08398592  0.1272113   0.10563108
  0.05068824 -0.11583488  0.3516439   0.0307724   0.1965167   0.06770638
  0.00875229 -0.01520554 -0.05338563 -0.25283778  0.19696553  0.25699744
 -0.0590454  -0.21385178 -0.02886059 -0.12460767 -0.19563279  0.24726067
  0.13537681 -0.18132989 -0.17105879  0.6233936  -0.2983717   0.13113901
  0.06452955 -0.46758977 -0.1302718   0.08253814 -0.05455056 -0.06547339]
of#E	[ 0.40552834 -0.09997311 -0.08701665  0.09168651  0.15792745  0.1091013
 -0.21479891 -0.00376223  0.2609738   0.13609466  0.00073269 -0.189648
 -0.10306045 -0.14037968 -0.26462168  0.11130661 -0.07605065 -0.32448402
  0.08931705 -0.18335752 -0.11302219  0.20627743  0.29105014 -0.16670167
 -0.03881789 -0.16510445  0.2898287   0.04252632  0.1463219  -0.22385234
 -0.30068463  0.05611966  0.15904686  0.13980648 -0.4058885  -0.36304015
  0.21608056  0.01590866  0.23653023  0.23702252  0.1620739  -0.27138683
  0.1669535   0.1483174  -0.32974654 -0.05083581 -0.22919703  0.1433552
  0.06389123 -0.02728754 -0.03525979 -0.13824823 -0.11902884 -0.10327149
 -0.10644893  0.38730165  0.13228597  0.15996961  0.10221291  0.06778242
 -0.05865396  0.24857661  0.22356422  0.25074497  0.04575497 -0.08034642
  0.27239403  0.12515163  0.09330937 -0.209453   -0.21444339 -0.13889088
 -0.13255417  0.07842993  0.28031525  0.07330427  0.29074332 -0.05900465
  0.0326519  -0.0188961   0.39702293  0.25922993 -0.3397507  -0.05143548
 -0.13759808  0.01612182  0.136438    0.2192438  -0.21506514 -0.20517698
  0.02490155 -0.06699681 -0.03049549  0.13890448  0.07652225  0.02158403
  0.04863228 -0.11840923 -0.19966923 -0.1873059   0.11845654  0.02570882
 -0.18291703  0.01778737 -0.04377133  0.06556801  0.07654776  0.06686237
 -0.10209981  0.23779847  0.14966561  0.22003175 -0.03342721  0.00568965
  0.03118091 -0.14704388 -0.17930013  0.01820654 -0.30050614  0.2693319
  0.2242106  -0.07088996  0.14986625 -0.4629768  -0.22524595 -0.22544774
 -0.03928147  0.13540976 -0.1126017  -0.05965002  0.12606475  0.02215505
 -0.00400177  0.16360301 -0.02546319 -0.24177134 -0.05760876 -0.64179176
 -0.25677478  0.39337152 -0.09933378  0.1530996  -0.013724    0.00995541
 -0.23238316  0.01126958  0.17675793 -0.02156977  0.1096564  -0.11411481
 -0.0727848  -0.11003902  0.30398998 -0.03561694  0.20430653  0.02018387
  0.28219724  0.24680346  0.11468193  0.04255937  0.3104067  -0.11457317
 -0.06077734  0.1822137  -0.31359375  0.19307634 -0.11066493  0.02679708
 -0.37939647  0.21510361  0.02752414 -0.02596717  0.00325572 -0.1127146
 -0.06233159  0.10164798 -0.0062003  -0.23441426  0.04071226 -0.10617825
  0.02501531  0.09019864  0.20283453 -0.15718637 -0.18430156  0.10080473
 -0.02782662 -0.02747905  0.07236863 -0.2523584   0.10245709  0.14256664
 -0.22312804  0.15487514  0.09745079  0.18973324 -0.04762258  0.17748053
 -0.0345866   0.10339637 -0.05771113  0.14005618  0.12936133  0.0494049
 -0.27431902  0.10267367  0.0696302  -0.13785894 -0.29027852  0.12079743
 -0.04644082  0.04526625 -0.01664604 -0.2914391   0.15762071  0.12403964
 -0.05138864 -0.09469706  0.22876419  0.37091872  0.14471406  0.23867165
 -0.00613823 -0.10319056  0.17913306 -0.41868377  0.18339746 -0.17770778
  0.04632368  0.2735939   0.28768867  0.146944   -0.1033534   0.09893415
  0.09367408  0.07431609  0.05695437 -0.04278398  0.00668179 -0.35803255
  0.11178332 -0.10509996  0.08860741  0.09210597  0.26241735 -0.05411026
  0.50377935 -0.20596093 -0.02091543 -0.0651674  -0.04239249  0.04165588
  0.21734671 -0.07519445  0.0806478  -0.1598112  -0.24904288 -0.21555215
  0.03159937 -0.25814432  0.19807154  0.14273803  0.02729089 -0.10760373
  0.22923476  0.12325889 -0.09549132 -0.06623744 -0.19939272  0.2582003
  0.30071986  0.05425395 -0.00538618 -0.01321043 -0.09037544  0.24663667
 -0.2984252  -0.16044831  0.01406972 -0.02649863  0.20465297 -0.06605781
 -0.05851241 -0.11539017  0.1722074  -0.18355674  0.03209705 -0.07707737
  0.03678076 -0.03642134 -0.09370984  0.29185292  0.14118375  0.34642243
  0.41324198 -0.05017335  0.3139508   0.3327202   0.27669513 -0.11144804]
five#E	[ 0.12321132  0.03577326 -0.26432937  0.27277055  0.22991723 -0.20611262
 -0.30993152 -0.20728898  0.1730476   0.09201565  0.12310553 -0.04466034
  0.06472938 -0.02301014 -0.01841683  0.0025392  -0.06634369 -0.16297813
 -0.11983424  0.12960915  0.32054082 -0.22831427 -0.04208206  0.17170846
 -0.19280857 -0.17543979  0.06238643 -0.0454807   0.05768233 -0.08747698
  0.06233188 -0.11015774  0.04263164 -0.10648943 -0.0627864  -0.00316576
  0.11174128  0.06778037  0.07963057 -0.03820548 -0.07998889 -0.24440004
 -0.19305564 -0.01714284 -0.19194143  0.01887721 -0.12765114 -0.06311904
  0.49211195  0.06075582 -0.13305295 -0.23838016 -0.07865171 -0.15168832
 -0.06756034  0.0843613   0.0985136  -0.03525054  0.18572147 -0.33352104
  0.15655966  0.21186931 -0.1184365  -0.03239382  0.16004072  0.27157357
  0.09508113  0.2585952  -0.18726794 -0.25474954  0.00513849  0.39917684
 -0.23867294  0.2666427   0.20136186 -0.29401723 -0.01612194 -0.04602935
  0.10696369 -0.07241198  0.23695001 -0.05972523 -0.01950574  0.21587202
 -0.1356514  -0.17872393  0.06115427 -0.00781194 -0.09490167  0.01237547
 -0.24879722  0.02762872 -0.20684122  0.18849045 -0.01558828  0.1515383
  0.02069918  0.15126516 -0.25919613 -0.1522393   0.00847841 -0.07953583
 -0.10713509 -0.01446829 -0.02729737  0.07060999  0.04561537  0.15650629
 -0.04802866  0.23438126 -0.16111374  0.3625814   0.0470251   0.11428694
 -0.004089   -0.08424396 -0.00859973  0.2934912  -0.15910248  0.31223208
  0.39821258 -0.11103024 -0.06988056 -0.23879959 -0.3338561  -0.02802687
 -0.03304341 -0.0892911  -0.07181616 -0.11247233  0.04247647 -0.07406128
  0.10592515  0.08577229  0.28280407 -0.23016717 -0.43287537 -0.3877121
 -0.22471464  0.11392858  0.10428222  0.05823202  0.25004935  0.15545322
 -0.01753203  0.02502044  0.33797458  0.17547637  0.1324193  -0.04881564
  0.06395399  0.10474479 -0.04730476  0.27921766  0.13714024 -0.22213724
 -0.16613944  0.4851066   0.22843285 -0.04728729  0.04164216 -0.18452387
 -0.16115993 -0.10399087 -0.29392546  0.28662443  0.03687867  0.18303494
 -0.20213549 -0.05541136  0.47505453 -0.35027006  0.2032102  -0.11613818
  0.02982829 -0.10452673 -0.13165347  0.1326452   0.13634542  0.36358896
 -0.02136476  0.11701478  0.2432803  -0.03734469  0.04584493  0.11061
  0.11597098 -0.3623286   0.1021399  -0.10169416  0.20760182 -0.02815652
  0.10656892 -0.19427563  0.19864887  0.2459642   0.08269741  0.18304853
  0.15705155 -0.11625107  0.25952458  0.06899764  0.20529717 -0.10941394
 -0.16459678 -0.01033211  0.01789609 -0.01479659  0.06388649  0.07022329
  0.07805913  0.25522488  0.1819993   0.08761975 -0.0343614  -0.2540934
  0.33903077  0.14311872  0.2270958   0.42514092  0.37783447 -0.01385214
  0.11245073 -0.06755695 -0.0607741  -0.02517237  0.12460034  0.01668249
  0.08682894  0.3929143  -0.05135426  0.19140176 -0.15611959 -0.06660249
 -0.08164527  0.12135378 -0.19851856 -0.06206193  0.1753597  -0.14979507
  0.06213437 -0.24537271  0.29472384 -0.36412713 -0.14538611  0.05411408
  0.23964606  0.04841373  0.02439116 -0.07686126  0.04766731  0.20293453
  0.07433244 -0.20262204 -0.10685816  0.09939875  0.07416999 -0.19505055
  0.17667758 -0.11780564  0.05496991 -0.02718263  0.39339262 -0.08924225
  0.23311906  0.00937379 -0.14361693 -0.02971912 -0.17211072  0.11908133
  0.08799799  0.09634147  0.0299117   0.06794382  0.00728575  0.29121202
  0.00116649  0.24389829 -0.06640959 -0.25111163  0.02792147  0.03338098
 -0.19543852 -0.18792368 -0.0815528  -0.2554899  -0.19319172 -0.06000409
 -0.00489543  0.24270363 -0.02310495  0.31635123 -0.07833901 -0.10359816
  0.06317716 -0.16185519  0.24043755 -0.14414723  0.26277283  0.07536376]
boroughs#E	[ 3.68527710e-01  1.58188075e-01  3.08431387e-02  5.58915772e-02
  4.13543493e-01  4.37640771e-02  3.15580755e-01  3.77593637e-01
 -2.80978531e-01  6.07854240e-02  6.90744519e-01 -8.61554816e-02
 -9.28109214e-02 -8.23070407e-02  2.75920276e-02 -1.52714208e-01
 -1.16682038e-01 -1.99386761e-01 -3.90763819e-01  5.28621554e-01
 -4.99870390e-01  5.46363473e-01  2.63639510e-01 -4.72029950e-03
 -2.04572305e-01 -4.11951125e-01 -5.68095967e-03 -2.23339014e-02
 -3.60770255e-01 -3.39264929e-01  3.66726816e-01  5.25977314e-02
  7.59352073e-02  8.92459452e-02 -3.81852478e-01 -2.42953096e-02
 -1.50670439e-01 -9.94507223e-02 -9.81081426e-01  3.48374695e-01
 -3.34534748e-03 -2.16330290e-01  3.78747210e-02 -8.49800855e-02
 -1.41523525e-01 -4.94660914e-01 -2.26941317e-01  5.55405736e-01
  9.43581611e-02 -1.11557722e-01  3.20357174e-01 -7.72058293e-02
 -2.68080115e-01  1.79031104e-01 -2.78317481e-01  2.28039220e-01
 -1.52662799e-01  3.25056672e-01  4.87312153e-02 -5.91757178e-01
  2.16251805e-01 -1.79302350e-01  4.25826252e-01  7.51576006e-01
 -2.15355113e-01 -8.79894197e-01 -1.43074170e-01 -1.33095384e-02
  2.81456839e-02  2.42948383e-02 -1.75818458e-01 -2.73867905e-01
 -6.51517749e-01  2.70937294e-01  2.01260537e-01  1.76573157e-01
  7.56978989e-03  3.88145655e-01  5.43600500e-01  2.09756419e-02
  1.07580274e-01 -3.31189543e-01 -5.55695854e-02  5.93672752e-01
 -4.26159799e-01  1.12430640e-01 -1.94446594e-01  3.77070189e-01
 -1.47306234e-01 -1.05536386e-01  1.21228270e-01 -7.80557320e-02
 -4.46316332e-01  2.63762146e-01  1.20317653e-01  6.17594302e-01
 -1.29468003e-02  2.44429007e-01 -5.34022391e-01 -1.15119494e-01
 -2.05763489e-01  2.22605437e-01  4.55774099e-01  1.03715613e-01
  2.45459333e-01 -7.78283700e-02 -5.43392420e-01 -1.72865972e-01
 -4.08446342e-01  2.41381168e-01 -8.61581340e-02  5.91578007e-01
 -1.40305758e-01  3.41964334e-01  2.96257794e-01 -7.17490792e-01
 -1.93085968e-01  4.26249862e-01  3.49054247e-01  3.29883248e-01
 -3.78877856e-02  1.27830565e-01  1.14059113e-02 -3.28838021e-01
  5.98105155e-02 -1.18919358e-01 -1.69975460e-01  2.41846442e-01
 -1.02753714e-01 -4.13370132e-01 -1.32293701e-01 -5.54531157e-01
  1.80865154e-01  5.16952157e-01  7.29341686e-01 -1.50811270e-01
  4.03341681e-01 -3.59431505e-02  3.38126332e-01 -3.67941588e-01
  3.38875443e-01  6.01469100e-01  2.43952408e-01  1.16652176e-01
  2.99068451e-01  2.50715166e-01  4.83222872e-01  1.64729834e-01
 -3.23716700e-01 -3.27265829e-01  1.31553188e-01  3.31950299e-02
  2.32668400e-01  1.53025791e-01 -1.93054542e-01 -7.39222113e-03
  1.20540626e-01  3.34817082e-01  5.54752946e-01  5.85741922e-02
 -1.39738321e-01 -1.73053384e-01  1.93690926e-01  1.47345796e-01
 -2.20430747e-01  2.88074613e-01  1.53771625e-03 -5.24258316e-02
 -3.72423887e-01  1.03881257e-02  3.71464401e-01  3.61729056e-01
 -2.88115710e-01  5.84907979e-02 -6.91487193e-02  6.77991584e-02
  5.74699402e-01 -6.67967554e-03 -3.40693831e-01 -1.11761391e-01
  2.44593306e-04  2.15264514e-01  1.85981289e-01  1.98466197e-01
 -1.68583781e-01  2.92875350e-01 -1.86163008e-01  2.58087032e-02
  3.34321320e-01 -3.40563118e-01 -3.28454733e-01  7.31039196e-02
  4.22044039e-01  2.85915047e-01  2.96091437e-01  4.40009296e-01
 -1.45105598e-02 -1.55037688e-02  2.01857284e-01  2.54622281e-01
  1.29774287e-01 -1.15242533e-01  6.10320270e-02 -5.51082850e-01
 -1.47976041e-01 -3.92369479e-01 -4.62860048e-01  7.15440512e-02
 -1.30906813e-02  2.85215527e-01  1.60476372e-01  7.77595997e-01
  1.09845459e-01 -4.71261978e-01  3.87268126e-01 -3.21419567e-01
  4.77402210e-01  1.03927165e-01  4.26602095e-01  6.35299385e-01
  2.94322401e-01 -2.95636877e-02 -3.87457073e-01  3.16299200e-01
  3.49707723e-01 -5.34365280e-03  2.53388703e-01 -7.59677142e-02
 -3.76087248e-01 -1.21809550e-01  2.49088388e-02  6.16094247e-02
  1.28712535e-01 -2.19266504e-01 -1.75739378e-01 -3.90300333e-01
  3.21873009e-01  9.61772725e-02 -4.42681402e-01 -2.86092252e-01
 -3.74213725e-01 -7.01910198e-01  1.95736989e-01 -6.98029473e-02
  1.52583197e-01 -3.53201717e-01 -2.89876685e-02  4.74820472e-02
 -9.31111798e-02 -1.86300144e-01 -7.92524591e-02  3.59307557e-01
  2.93674827e-01 -2.59084310e-02  1.92361221e-01 -1.53679624e-01
 -6.24529541e-01  1.86846387e-02  3.83037597e-01 -2.54370540e-01
  2.92107300e-03  3.77626896e-01 -2.25103386e-02 -1.07361309e-01
  4.91289914e-01 -3.30491781e-01  8.69671032e-02 -3.28861147e-01
 -4.01514232e-01  2.84925997e-01 -5.46668358e-02  1.68006524e-01
  5.69018245e-01 -6.11961596e-02  3.77231926e-01  1.10134222e-01
  3.40154946e-01 -4.36765015e-01 -3.91574800e-01 -3.46572604e-03
 -1.86946332e-01 -2.96169490e-01 -1.86050028e-01  1.52611077e-01
  1.15055457e-01 -5.14081955e-01 -4.89793986e-01  2.21124321e-01
  2.58528471e-01  1.36586174e-01  6.60756707e-01  3.87280107e-01
 -1.19467475e-01  3.60673875e-01  3.93810779e-01 -2.62574572e-02
  1.64786220e-01 -2.49375567e-01  2.90070117e-01 -2.66583413e-01]
