new	[-0.084474   -0.23669387 -0.0527051   0.28741124 -0.21830712  0.07503548
  0.05268     0.07410379  0.08216128  0.05063648 -0.1246206   0.2872343
 -0.17577076 -0.12729117 -0.06193184  0.08919279  0.00595612 -0.26735982
 -0.04344082 -0.33092687 -0.03182323  0.33650348  0.05940494  0.14492767
  0.09155909 -0.30950794  0.14548984 -0.10184605 -0.36424422  0.21622354
  0.2606683   0.3870467   0.01074823  0.26459032 -0.3464583  -0.04820282
 -0.13128267 -0.20238711  0.16149525 -0.2861843   0.37104857 -0.2769452
  0.12879148  0.09920377 -0.19218902 -0.22828475  0.13654815 -0.12926558
 -0.10896576 -0.17474407  0.01914074 -0.27600974  0.00694045 -0.27246284
  0.38225368 -0.23387097  0.18385503 -0.2685152  -0.06067358  0.00529183
  0.06480674 -0.38904956  0.03755278 -0.05458748 -0.11101537 -0.14654657
  0.24799402  0.17027715  0.10825577 -0.10285998  0.15799864  0.08532586
 -0.33187333  0.30701035  0.029652   -0.216131    0.3162554  -0.06048755
 -0.00390367  0.2334096  -0.1269645   0.02103235  0.25812364  0.0717131
 -0.1761519   0.19254564  0.14995503  0.04911695 -0.44138977  0.15341872
  0.33293968  0.02340778 -0.13264811 -0.20472245 -0.15042618  0.2848402
  0.24512598 -0.07414537  0.20515999  0.08122234 -0.01637962 -0.14461368
 -0.29942286 -0.03080927  0.16270855  0.12805651 -0.4904282  -0.06477534
  0.09386767  0.14759208  0.23372851  0.08080351 -0.17462583  0.1472722
  0.04292155 -0.1893944  -0.05551381 -0.0842194  -0.15905297 -0.04961315
 -0.32647476 -0.0018262  -0.19086266 -0.18074824  0.05557092 -0.30120444
  0.15041079 -0.05111659 -0.05271796 -0.1808328  -0.11778304  0.16421506
 -0.10179498  0.09063081  0.05778407  0.09496347 -0.13983464  0.15690322
  0.0709979   0.05764386 -0.14833002  0.02752501 -0.02741112  0.11741253
  0.14860459  0.00108749  0.00989242  0.09781715  0.05431249 -0.11466719
 -0.0995737   0.50605834 -0.11983194 -0.16459586 -0.08800251 -0.01204502
 -0.09941757 -0.0144863   0.17505395  0.11124819  0.20648643 -0.13855992
 -0.02255687  0.07445583  0.18738325  0.16756207  0.3130507   0.09025668
 -0.19482867  0.25086114  0.27414483 -0.05113628  0.08237128  0.29976225
  0.1516177   0.15235741  0.07788213  0.02597319  0.08228862 -0.04151826
  0.15939689 -0.07164535  0.0828071  -0.40710998 -0.30361077 -0.01218503
  0.51330656  0.04483256  0.2383195  -0.24482667  0.02014531  0.14667752
 -0.15222283 -0.10510901  0.06564088 -0.34876597  0.06796253  0.04388391
  0.11327231  0.03195461 -0.10765242  0.12435389 -0.0958996  -0.07449175
  0.25277668 -0.29390153 -0.22612295  0.16156988 -0.12207183  0.16531089
 -0.20933232 -0.1912841   0.11678219 -0.04878679 -0.09166006 -0.02190146
  0.30709875 -0.04022691  0.06236473  0.15848118  0.14271252 -0.1865363
  0.24954294  0.14468384 -0.08172393 -0.02455694 -0.1177578   0.29011303
 -0.09665977  0.28296483  0.10436735  0.00944817 -0.04451558 -0.01703926
  0.21967894  0.02465266  0.09832508  0.02189435  0.26326966  0.05252001
 -0.3961629  -0.20258199 -0.17431982  0.17091326 -0.16040385  0.09638287
  0.00101233  0.21303365 -0.2389317   0.06375634 -0.16468616 -0.00996185
 -0.2577887   0.20408216  0.01002422  0.13952766 -0.3303281  -0.09366205
 -0.22816376 -0.15007795  0.0318656   0.11748425  0.32199135  0.24145104
  0.03626177 -0.03107852 -0.09443605 -0.16050425 -0.01246026  0.05526084
  0.22826956  0.26482138 -0.18555894  0.03941519  0.12444666  0.01722811
  0.10137752 -0.05442816 -0.04842886  0.2526976   0.01816805 -0.18947719
  0.45681587  0.18298724  0.26800787 -0.13003659 -0.14438072 -0.13624458
 -0.07410221 -0.21279068  0.3525937   0.1645899   0.16473883 -0.13985541
  0.04667989  0.40788886  0.3603663   0.08425958  0.23998936  0.44259822]
york	[-9.44321379e-02 -2.69038249e-02 -4.11001593e-02  1.67983994e-01
 -2.60165781e-01  1.75038204e-01 -1.87709227e-01  1.54539496e-01
  1.78722188e-01 -1.01561584e-01 -6.75526857e-02  1.56602159e-01
  1.84291944e-01  6.62745684e-02  1.46994637e-02  6.41039088e-02
  5.11164330e-02 -3.03524971e-01  1.93687137e-02 -5.32283783e-02
  2.48216137e-01  6.50557876e-01  1.00623026e-01  1.20687805e-01
  2.04180315e-01 -3.68797630e-01  3.05333346e-01  2.06827983e-01
 -1.73379108e-02  1.32557079e-01  9.00931731e-02  3.11239958e-01
 -3.04668974e-02 -1.15129976e-02 -1.35658681e-01  9.14600503e-04
 -4.29465808e-02 -3.52314174e-01  4.07257155e-02 -2.69100547e-01
  1.56796604e-01 -1.41777247e-01  1.11190639e-01 -1.20734304e-01
 -9.58453938e-02 -1.04453608e-01  3.39145690e-01 -5.19846641e-02
  2.19172403e-01 -2.00636551e-01  2.37431273e-01 -1.32577345e-01
  1.12755494e-02 -1.26638278e-01  4.62614000e-01 -3.99517238e-01
  1.57790378e-01  1.37349993e-01 -1.93800237e-02 -2.48108692e-02
 -6.83901981e-02 -5.22620559e-01  2.99873352e-01  8.36725440e-03
 -1.37202471e-01  1.05652757e-01  4.10892785e-01  9.07006264e-02
  1.37992755e-01 -1.96299702e-01 -1.03842191e-01 -7.37235323e-02
 -2.39362136e-01  1.82036117e-01 -1.01128265e-01 -1.89371966e-02
  1.68933332e-01  1.07562706e-01  2.38083720e-01  1.38166159e-01
 -2.49056622e-01 -9.06415507e-02  4.23879832e-01  6.61902502e-02
 -1.56023890e-01  5.46197966e-02 -1.39204189e-01 -1.76853627e-01
 -4.32347536e-01  1.05617009e-01  7.39077330e-02  8.46556388e-03
 -4.82627237e-03  4.47104797e-02 -1.97130069e-02  2.53356099e-01
  1.12441383e-01  1.34305507e-01  5.51665902e-01  2.83160303e-02
 -1.65594876e-01 -2.42253140e-01 -1.59734279e-01  7.64764249e-02
  3.93330529e-02 -1.51237458e-01 -1.04865180e-02 -2.35443220e-01
 -1.70451142e-02 -1.13151886e-01  4.04423654e-01 -1.55151904e-01
  2.14301166e-03  1.47260442e-01 -9.85448882e-02 -1.87154427e-01
 -2.57716980e-02  3.42242257e-03 -1.94484651e-01 -3.35122734e-01
 -3.96817327e-01  1.34974318e-02  8.61526951e-02 -4.00103807e-01
 -1.63980782e-01 -1.56392708e-01  2.35467598e-01 -2.13786677e-01
 -1.08474679e-01 -1.64795756e-01 -2.42561206e-01  1.35992378e-01
 -2.26495177e-01 -1.30431950e-01  2.47230694e-01  8.93182233e-02
 -1.02284618e-01  1.71390817e-01 -1.29500795e-02 -2.32646391e-02
 -3.04459333e-01 -8.94479603e-02  1.53270170e-01 -1.35257840e-01
  2.57171094e-01 -2.18006462e-01  1.61212347e-02  7.34798657e-03
  3.53627689e-02 -2.40048081e-01 -6.27519637e-02  5.13273954e-01
  2.68524408e-01  2.37520993e-01 -2.65615553e-01 -6.84439763e-02
  1.93029746e-01  1.57610655e-01  1.24446042e-01  3.77510965e-01
  8.13405365e-02  6.29809946e-02 -2.66814847e-02  6.53324798e-02
  2.47059837e-01  1.61612436e-01  2.52521280e-02  4.13800120e-01
 -1.34426683e-01  3.98649812e-01  2.43783459e-01 -6.73018023e-02
  4.70559150e-02 -4.25193831e-02 -1.83218822e-01 -5.97166538e-04
  8.99297744e-02  1.43313125e-01  8.70239586e-02  2.81342477e-01
 -9.01543126e-02 -2.54097670e-01  1.53054178e-01 -1.36245787e-01
 -2.60638118e-01 -1.69985369e-01  3.41635555e-01  3.42697501e-02
  3.85467172e-01 -3.03103700e-02  1.90051511e-01  1.95747241e-01
  6.04915954e-02 -2.31923968e-01  1.35353923e-01 -3.73319626e-01
  1.12228110e-01 -1.69536263e-01  2.11589783e-01  1.54002920e-01
  3.33778739e-01  1.23471864e-01 -3.53076100e-01 -3.42481732e-02
  1.84487358e-01 -4.08760190e-01 -3.16028781e-02  1.32786050e-01
  1.97157394e-02  6.62957579e-02 -1.42331824e-01 -2.98330575e-01
  1.29513338e-01 -2.38774583e-01 -2.22549960e-01 -4.44360673e-02
  2.76595145e-01  5.85481431e-03  9.25480798e-02  8.44324827e-02
  1.61033034e-01 -9.40649211e-02 -3.29862535e-01 -1.42631486e-01
 -2.01496840e-01 -1.09596685e-01 -3.53480309e-01 -9.22443985e-04
 -3.06166202e-01  2.36483648e-01  2.35009626e-01  3.68818045e-02
 -1.21428058e-01 -1.74769998e-01  2.46673971e-01 -3.75382937e-02
 -1.36816934e-01 -1.14586733e-01  1.47734120e-01  2.64248122e-02
 -2.61323929e-01  5.25612209e-04  2.79518306e-01  1.18557684e-01
 -1.60682946e-01  1.65230930e-01 -3.88580114e-01  7.97722861e-02
 -2.73979753e-01 -1.21660624e-02 -5.88288717e-02 -5.03782779e-02
  1.72927409e-01  7.24427551e-02  2.36925825e-01  1.33173570e-01
  6.25032336e-02  2.11630881e-01 -3.12453628e-01 -6.44725338e-02
 -2.28394512e-02  1.72707856e-01  1.31497368e-01  2.10755408e-01
 -1.84667677e-01 -1.15079165e-01 -1.16013967e-01 -2.21225888e-01
 -5.00679135e-01  3.42753500e-01  3.10700148e-01  1.98691607e-01
  6.65701926e-03  1.21942500e-03  3.61247547e-02  2.45079070e-01
  1.96874917e-01 -2.05771446e-01 -1.94072843e-01  2.92034209e-01
  7.89026618e-02 -1.95563972e-01  5.47408879e-01  1.86420739e-01
 -1.50334202e-02  8.33681077e-02 -3.74771878e-02 -3.51917475e-01
  1.01415537e-01 -3.91591132e-01  1.76329941e-01  2.57041812e-01
  1.01273939e-01 -2.14434490e-01 -1.91925883e-01  3.87143016e-01
  2.53032714e-01 -3.13607723e-01  1.19781353e-01  1.86562598e-01]
city	[ 1.20843694e-01 -2.78957784e-01  5.57113290e-02  2.09621981e-01
 -5.96497171e-02  1.13892265e-01 -6.85965717e-02  1.80783182e-01
 -4.90576320e-04 -1.38514559e-03 -9.30100605e-02  3.96134764e-01
 -7.58007020e-02 -1.36542186e-01 -5.85578680e-02  6.47764802e-02
  8.14398006e-02 -1.54475659e-01  2.56794423e-01 -2.15762019e-01
 -2.36005321e-01  3.83262843e-01  1.18700184e-01 -3.62669080e-02
  2.68631160e-01  4.27436568e-02  1.25088930e-01  7.38343522e-02
  2.08370566e-01  1.46976978e-01 -2.43592694e-01  4.54658754e-02
 -3.88965309e-02  1.88169569e-01 -2.12024122e-01 -1.75775066e-01
 -2.19972342e-01 -1.00430638e-01  1.79923445e-01  6.94436654e-02
  3.40339601e-01 -1.57144412e-01  3.36886197e-02  1.56450376e-01
  1.19497269e-01  2.84023546e-02  2.71723002e-01  4.78407443e-02
  9.86197069e-02  4.12277319e-02  1.97083220e-01 -8.86116996e-02
 -7.41070136e-02  2.30124727e-01  2.01633230e-01 -3.82813692e-01
  1.64169520e-01  1.44526243e-01  1.18784495e-02 -1.13524579e-01
 -1.53499112e-01  1.45163953e-01  2.82568395e-01 -3.54099311e-02
 -1.26988575e-01 -1.67462692e-01  1.43446207e-01  9.08571258e-02
 -7.97260329e-02  5.30575514e-02 -1.81422517e-01  1.45047054e-01
 -1.93934187e-01  2.37601101e-01 -4.74705130e-01 -2.58142680e-01
  3.23602408e-01  2.65752017e-01  2.79678553e-01  4.64800075e-02
  1.48915127e-01  1.96099445e-01  1.87930360e-01 -5.17924316e-02
 -1.58152923e-01 -1.43302321e-01  4.58275490e-02 -3.06513935e-01
 -4.03801262e-01 -1.07723802e-01  1.92915231e-01  9.18767694e-03
  1.24179490e-01  2.04801373e-02 -2.14286223e-02 -4.75261919e-02
  2.76109785e-01  1.17801353e-01  2.82907188e-01  3.50082248e-01
 -7.90861771e-02 -2.58797646e-01 -2.60682821e-01  4.03377652e-01
  4.97197807e-02  4.87537310e-02 -1.76504284e-01 -6.94066584e-02
 -1.37640759e-01 -1.43714249e-01  2.48462811e-01 -1.03989199e-01
 -9.27548334e-02 -8.02479386e-02  1.93314552e-01 -3.19660276e-01
 -1.19766310e-01  1.44757867e-01 -1.17189951e-01 -1.68270975e-01
  2.15152383e-01 -1.16456002e-01 -1.27450749e-01 -4.36802715e-01
 -4.14801657e-01 -2.14882225e-01  2.18916982e-01 -6.14586025e-02
  6.60318732e-02 -2.46431351e-01 -6.95345625e-02  2.13108659e-01
 -3.29444826e-01 -2.22006351e-01 -1.72317386e-01  3.20492625e-01
  7.42970109e-02  2.83426970e-01  6.37969896e-02 -1.81874305e-01
  1.15170963e-01 -2.72976384e-02  7.41968974e-02 -5.84386289e-02
  5.62285148e-02 -3.15873384e-01 -1.41740367e-01  1.48674145e-01
  9.21021253e-02 -1.58988778e-02  1.77167237e-01  2.24444017e-01
  1.02459155e-01  2.22958773e-01  1.23970360e-01  1.46333694e-01
 -1.19095504e-01  1.03342712e-01 -1.46365449e-01  2.43957922e-01
  8.25721920e-02 -2.55022701e-02 -1.24907546e-01  1.99362636e-03
 -1.25932232e-01  3.28887217e-02  9.25725326e-02  1.99446246e-01
 -2.23903656e-01  3.02587390e-01  2.43571728e-01  3.27890009e-01
  2.24822521e-01  2.47091413e-01 -4.19485688e-01 -1.11727854e-02
 -1.45010740e-01 -3.08682084e-01 -2.33046412e-01 -8.82354602e-02
 -3.34263772e-01  1.97742041e-02 -1.09964192e-01  1.12322740e-01
  5.32629080e-02 -2.17752889e-01  6.40447587e-02 -6.11386783e-02
  2.03865618e-01 -5.59018672e-01 -1.93849131e-02  2.10523963e-01
 -3.64131600e-01 -1.44023716e-01  8.66876468e-02 -2.18788937e-01
  9.81814787e-02 -6.65139183e-02  5.11657447e-02 -1.87026188e-02
 -6.62786141e-02  1.23147398e-01 -1.04696229e-01 -2.64267921e-01
  2.16771483e-01 -8.51862431e-02  2.00642377e-01 -1.73084959e-02
  2.04439852e-02  2.15592146e-01 -1.10154703e-01  7.77728111e-02
 -1.21480905e-01 -3.69543284e-02 -3.03210378e-01 -2.66942143e-01
  1.74683109e-01  6.84613883e-02  6.24610074e-02  1.72442012e-02
  3.73601109e-01  2.34579146e-01  2.30632886e-01  2.73115616e-02
 -1.12215281e-01  2.39272118e-01 -1.72456264e-01  5.22150509e-02
 -2.75671631e-01  2.29771048e-01 -9.42456275e-02  5.96214943e-02
 -1.30435795e-01 -3.88863593e-01  1.72190115e-01  1.17606021e-01
 -2.77407598e-02 -9.18490067e-02  1.99644357e-01 -1.68606177e-01
 -8.67007524e-02 -2.81365395e-01  1.91100985e-01 -2.53637582e-01
 -2.81195849e-01  2.90516138e-01 -2.02698648e-01 -6.68890169e-03
  1.10144056e-02 -6.21785857e-02  6.82957768e-02  1.37539506e-01
  4.25449193e-01  6.07627146e-02  1.31404549e-01  2.74152160e-01
 -3.72078270e-01 -1.64788902e-01 -2.11087704e-01 -5.34124747e-02
 -4.72099148e-02  7.19234124e-02  1.32266864e-01 -1.96391717e-02
  4.75723520e-02  7.53777400e-02  1.26116619e-01  2.95274407e-02
  8.42033699e-03  2.46105552e-01  1.71210274e-01 -1.75018057e-01
 -1.30455166e-01 -9.40936804e-02 -1.06492966e-01  2.37922631e-02
  2.32808039e-01 -5.63656054e-02  1.45410284e-01  1.70798048e-01
  2.47058213e-01 -2.22872496e-01  1.26619697e-01  2.06287488e-01
  4.66829650e-02  3.63903819e-03 -3.25776711e-02 -1.91863626e-01
 -4.10209643e-03  1.51077136e-01  4.10165608e-01  2.01153830e-01
 -7.94858187e-02  1.15677908e-01 -2.22427119e-02  1.73532575e-01
 -9.31763351e-02 -3.33208829e-01  2.57424623e-01  3.34757924e-01]
is	[ 2.50432402e-01 -1.04145370e-01 -3.05342283e-02  3.78392823e-02
  3.12810168e-02 -2.28726983e-01  3.07327658e-01  3.13010961e-01
  1.58179197e-02 -9.47918296e-02 -4.33380380e-02  3.28130811e-01
  1.62962805e-02  2.02377867e-02 -9.86122489e-02 -1.88216105e-01
  3.01692247e-01 -1.59442495e-03 -4.27663065e-02 -4.00866382e-02
 -1.53259158e-01 -1.02787845e-01  2.42068961e-01 -2.39341870e-01
  1.34708107e-01 -1.72653586e-01 -1.26857087e-01  1.84505403e-01
 -1.79047823e-01  2.27553070e-01  4.39804494e-01  3.78894895e-01
 -1.39088511e-01  8.47289413e-02 -2.51401365e-01  2.70153712e-02
 -1.62600815e-01 -3.84236217e-01  2.35347226e-01 -2.12447882e-01
  5.09040132e-02  6.72216788e-02  2.21095562e-01  1.39545232e-01
  9.00517777e-02  2.21622318e-01  3.97954941e-01 -1.08857259e-01
  6.72620386e-02  3.47050995e-01 -4.42934930e-01 -4.45220262e-01
  1.57772794e-01  5.98899946e-02  1.09834887e-01 -2.13130295e-01
  7.57109821e-02  3.22500169e-02  3.05385381e-01 -6.46458045e-02
 -2.02376813e-01  1.81140408e-01 -7.97941163e-02  3.52506004e-02
 -1.58217877e-01 -3.51418734e-01  6.79993555e-02  1.08393125e-01
  8.14018101e-02 -1.12446100e-01  2.47554481e-01  1.39214203e-01
 -8.88389200e-02  1.76433265e-01  1.73552811e-01 -2.81843506e-02
  6.48872480e-02 -1.45644369e-02  1.71904877e-01  2.54774898e-01
 -1.21584915e-01 -1.21968597e-01  1.99936815e-02 -2.23873109e-01
 -1.36422753e-01 -3.15569676e-02 -1.02094952e-02  4.38454933e-03
  5.19960560e-02  3.11591029e-01  5.50405681e-01 -6.65367991e-02
 -1.43430039e-01 -4.67526130e-02  1.14674188e-01 -7.51302019e-02
  1.64039314e-01 -2.11137742e-01  1.96950644e-01 -1.86554164e-01
  3.43971960e-02 -3.32234710e-01 -6.05623782e-01  2.13980258e-01
  5.81437424e-02  1.69950992e-01 -2.46574730e-01 -2.90534973e-01
  2.49402702e-01 -4.87610325e-02  1.47763053e-02 -3.17927927e-01
  2.54016757e-01  1.21939354e-01  9.62627307e-02 -1.28588751e-01
 -2.50722487e-02 -1.23930402e-01 -2.12973729e-01 -3.23218293e-02
  3.37748002e-04  9.55149233e-02 -2.84033060e-01 -1.16038688e-01
 -2.32200667e-01  1.99914295e-02  2.72734970e-01  2.86780763e-03
 -2.15055328e-02 -7.65936524e-02 -1.62145510e-01  6.40845895e-02
  6.75089061e-02  3.36543858e-01 -5.98012954e-02  1.32498741e-02
 -4.73421514e-02  3.02583398e-03  1.06703490e-01  7.20895268e-03
  1.28385872e-01  1.98313743e-02 -4.13245827e-01 -6.98717460e-02
  3.67471687e-02  1.12601116e-01 -8.74844268e-02  1.58656016e-01
  1.01352252e-01  4.78020273e-02 -1.88316837e-01  2.79127866e-01
 -1.10742964e-01  2.95068204e-01 -4.66012880e-02 -9.97428298e-02
 -3.24011990e-03 -1.78221650e-02  5.25065847e-02 -1.39679927e-02
 -3.54807153e-02 -1.93374917e-01  6.02625646e-02  2.72791624e-01
  1.08685866e-01 -2.55318254e-01  1.48738831e-01  2.80016005e-01
 -1.67004019e-01 -9.09628496e-02  1.10489286e-01 -1.54477209e-01
  2.54236013e-01  3.03718954e-01  6.75879121e-02  3.75173278e-02
 -1.20989330e-01 -4.37010862e-02 -4.34104004e-04  2.81249762e-01
 -3.45282853e-01  2.24361625e-02 -1.05467439e-02 -2.21658453e-01
  6.26024306e-02  4.45932180e-01  2.43235156e-01 -2.49854513e-02
  2.27444872e-01 -5.62871337e-01  1.52825877e-01 -2.55514905e-02
  2.16467112e-01  5.78984711e-03 -6.59447461e-02  1.62294519e-03
  8.96546021e-02 -1.92991093e-01  1.64902452e-02 -1.28921747e-01
 -1.77786618e-01  9.62560698e-02  3.07002604e-01 -1.91083789e-01
  3.29468012e-01 -2.72735119e-01 -1.60801746e-02  2.05187589e-01
  2.09751919e-01  2.11385652e-01  3.11860293e-02 -1.07278280e-01
 -3.70434485e-02 -3.40109430e-02 -7.45538771e-02  6.21942338e-03
  3.50020468e-01 -2.96088979e-02 -1.13485806e-01 -3.72532941e-02
  1.33354560e-01  4.69243638e-02  1.00590169e-01 -4.42166403e-02
  4.32244502e-03  3.67808819e-01 -6.31877827e-03  1.66486204e-01
 -2.08275914e-02  2.66292125e-01 -1.43649727e-01  6.25730678e-02
  3.18539701e-02  8.66901204e-02 -1.34435013e-01 -1.01719864e-01
 -2.62946878e-02 -2.80678362e-01 -1.68184087e-01 -2.96629239e-02
 -2.10428730e-01 -1.40352532e-01 -3.42320912e-02  4.80074808e-02
 -1.95023999e-01  1.76267162e-01  6.12381510e-02 -1.27488792e-01
  4.85364199e-02  3.48071866e-02  9.11198184e-02  1.94107648e-02
 -1.92916378e-01  5.15616126e-02 -3.01154792e-01 -4.58928477e-03
  9.62093994e-02 -3.93756509e-01  2.67545357e-02  1.75468072e-01
 -2.54209582e-02  2.03415722e-01  1.50809899e-01  9.09866020e-02
  2.90371440e-02 -2.12760977e-02  2.09957018e-01  1.57465056e-01
 -8.01425613e-03  1.98930606e-01 -1.71891481e-01 -2.19212532e-01
  2.47052029e-01  2.42890522e-01  7.14883266e-04  1.30296305e-01
  1.27418414e-01  6.18552081e-02  1.93282459e-02  1.62920523e-02
 -1.45412594e-01  1.07626423e-01  3.46898586e-01  1.31389529e-01
 -3.52761716e-01  1.05056606e-01 -4.75774799e-03  2.33234808e-01
 -1.05362885e-01  1.62791722e-02  3.78052630e-02  2.25615829e-01
  1.50634453e-01  2.87072450e-01 -1.85520779e-02  1.77535508e-02
  2.08610058e-01  1.02922525e-02 -1.34771168e-01  2.21880570e-01]
composed	[ 1.78568006e-01 -3.17112297e-01 -1.54494531e-02  6.69857413e-02
  1.87619925e-02 -2.01566771e-01  2.23455653e-01  6.42208382e-02
 -1.30506635e-01 -4.95470911e-01 -1.62685007e-01 -4.36073309e-03
 -7.03940392e-02 -4.65140432e-01 -6.54574811e-01  1.17811516e-01
  7.15871304e-02  6.88857511e-02  2.37961903e-01  2.13521302e-01
 -1.35301247e-01  2.79749501e-02 -2.41937205e-01  2.20181987e-01
  3.30660403e-01 -2.00998381e-01 -3.77553433e-01  4.78290208e-03
 -2.43566260e-01  4.67745274e-01 -1.19615994e-01  7.00223399e-03
  3.77212502e-02  1.53929070e-01 -7.00720102e-02  1.49530349e-02
 -2.38808647e-01 -7.77248293e-02 -2.37619966e-01  6.43595010e-02
  7.68460706e-02  3.95241052e-01 -2.35920593e-01  4.99249101e-02
 -9.74071771e-02  3.79790723e-01  3.62578005e-01  7.16304630e-02
  2.08424777e-01  2.42323294e-01  6.48209546e-03 -3.40700269e-01
  1.67875990e-01  1.91849917e-01  1.79642066e-02 -2.03895792e-01
  1.74224991e-02 -5.58749996e-02  2.93586761e-01 -1.18678294e-01
 -3.21196020e-01 -5.16247451e-02  1.46085113e-01 -2.91742444e-01
 -1.95038661e-01 -1.03035560e-02  1.21290691e-01  1.82247996e-01
 -1.16072312e-01  2.11178899e-01  1.28281072e-01  4.30200398e-01
 -1.58861607e-01  6.74831541e-03 -3.33587289e-01  4.92474213e-02
  3.25917676e-02  2.68447608e-01  1.07220933e-01  1.65915027e-01
 -5.06470621e-01 -7.57919624e-02  4.72538508e-02 -3.36017847e-01
 -2.92788088e-01 -1.73340067e-01 -1.10985525e-01 -2.01683473e-02
  3.07765037e-01  1.85337454e-01  1.05650224e-01 -4.85768095e-02
  2.41401829e-02  4.06642258e-01  1.34673193e-01 -2.16639265e-02
  1.42513528e-01 -4.14233245e-02  2.22002879e-01  3.30866575e-01
  1.70790166e-01  1.19977057e-01 -2.34399717e-02  2.57973850e-01
  1.99911803e-01 -3.58067274e-01 -5.02536535e-01  6.97221607e-02
  2.41361991e-01  2.82541692e-01 -7.85199627e-02 -2.81427443e-01
 -8.78597274e-02  4.59859252e-01 -1.03345163e-01 -4.96635698e-02
  1.42602563e-01 -5.98008186e-02  4.04014364e-02  2.20424291e-02
  3.84678394e-01  3.05824354e-02 -3.09613317e-01 -3.60111952e-01
  2.99988508e-01 -4.45370495e-01 -1.67945921e-01  3.05404037e-01
 -2.74518013e-01 -2.94699043e-01 -2.17069194e-01  1.17012188e-01
 -2.02194408e-01 -1.13357671e-01  1.20401099e-01 -2.75199383e-01
 -1.35138914e-01 -2.63961047e-01 -1.67998508e-01 -1.43815413e-01
  3.40023607e-01 -1.05975317e-02  1.76439106e-01 -2.03653738e-01
  2.69724935e-01 -9.95400175e-02  2.28791893e-01  6.12169318e-02
  1.06731839e-01 -1.56025976e-01  3.32752496e-01 -6.00456521e-02
  5.91210723e-02 -1.59169644e-01 -2.55614102e-01  3.31286252e-01
  9.48352218e-02  1.65599585e-01  2.89062023e-01 -8.39228183e-02
 -2.15962127e-01  5.35535276e-01  1.19087808e-01  8.12495500e-02
  2.22696131e-03 -3.01181495e-01 -5.58146462e-02  1.64857224e-01
 -1.34788975e-01 -1.90353200e-01  9.13568679e-03  2.53830165e-01
  3.14864404e-02  1.97839588e-01 -2.15304300e-01 -6.55758157e-02
 -1.39461488e-01 -3.93047005e-01 -2.60102272e-01  5.85239427e-03
  1.72422439e-01  8.20168927e-02  6.59403205e-02 -6.68236241e-02
 -3.49667817e-01  3.11385188e-02 -3.56194526e-02 -6.43036561e-03
 -2.23254617e-02  6.82838857e-02  1.06006861e-01 -5.15262820e-02
 -8.92541409e-02 -1.42492801e-01 -7.28287473e-02 -1.49486527e-01
  1.73896432e-01 -2.22797498e-01  1.34455590e-02 -1.19346529e-01
 -6.76930547e-02 -3.88424993e-02 -1.95238203e-01  7.11145531e-03
  1.88100878e-02  2.13830784e-01 -2.71946546e-02  1.63927510e-01
  7.14463443e-02  4.61629868e-01 -1.84741154e-01 -1.26330689e-01
 -3.29332411e-01 -6.30203709e-02  2.15596512e-01  1.76372021e-01
  3.61686468e-01 -7.99747929e-02 -1.09772377e-01 -4.40117829e-02
 -1.59520447e-01 -7.23493844e-02  5.24675138e-02  2.52391726e-01
 -4.07419771e-01  2.36456856e-01  3.24386030e-01  3.74510169e-01
 -2.35473797e-01  4.01283383e-01 -3.56502198e-02 -1.48188518e-02
  5.80798611e-02 -1.42437235e-01 -5.66086531e-01  2.47209445e-01
 -3.15138429e-01 -9.81238335e-02  2.25120291e-01  1.90068379e-01
 -2.63102502e-01 -4.20895824e-03 -7.44177178e-02 -2.40341902e-01
 -2.27964193e-01 -3.24318223e-02  2.71838069e-01  2.30925441e-01
 -8.57894346e-02  1.59669384e-01 -8.67587551e-02 -1.29270107e-01
  2.59004176e-01 -1.29102990e-01  8.76978505e-03 -2.12555826e-02
  1.62295669e-01  6.84310570e-02  2.32861694e-02  3.83751243e-01
 -2.21863553e-01 -1.60860997e-02  3.60558450e-01 -5.03154211e-02
 -2.52078176e-01 -1.73322454e-01  1.46296874e-01 -3.15386951e-01
 -4.99433070e-01  2.21541300e-01 -1.13993324e-01 -2.75328845e-01
 -1.98437735e-01 -1.17537342e-01  1.21535197e-01  1.94324166e-01
 -5.44544193e-04 -5.42443153e-03 -3.07948828e-01  9.01528075e-03
 -2.83708155e-01 -7.27130398e-02  6.75741807e-02  1.32814785e-02
 -1.77624132e-02 -8.75824317e-02 -1.43593192e-01  9.76950303e-02
 -1.73070744e-01  8.91634822e-02 -1.03425115e-01 -1.66156918e-01
  4.15976197e-01  3.22572947e-01  3.04670006e-01 -2.15001583e-01
  2.09767595e-01 -2.15199664e-01 -2.41097331e-01  4.38454330e-01]
of	[ 1.06785849e-01 -7.87144154e-02  9.20026451e-02  1.60797089e-01
 -3.07914633e-02 -5.45316637e-02  2.18278304e-01  1.08458549e-01
 -1.12526249e-02  1.30701676e-01  1.50205782e-02  1.54405057e-01
 -9.56552625e-02 -2.14086547e-01 -1.04214773e-01  2.44765177e-01
  2.14662746e-01 -9.18472856e-02  2.05357715e-01 -6.68854639e-02
 -4.67208363e-02  1.63816556e-01  7.72037208e-02  1.27128184e-01
  5.17165735e-02 -3.89988095e-01  2.37029225e-01  2.82182395e-01
 -1.18903130e-01  3.05996984e-01  2.90036112e-01  1.86408028e-01
 -1.93479776e-01  3.83720212e-02 -1.65363148e-01 -8.68857950e-02
 -1.38114661e-01 -1.19378604e-01 -1.56365298e-02 -2.11457118e-01
  2.58625954e-01 -1.37519091e-01  7.80720338e-02  1.33656591e-01
  1.52425319e-02  1.24320440e-01 -1.15105798e-02 -8.42194930e-02
  7.99965113e-02  1.93404928e-01 -1.03589833e-01  5.88326640e-02
 -3.31141017e-02 -1.29463881e-01 -1.67185932e-01 -2.06413850e-01
  3.36012654e-02 -2.40647182e-01  3.08373630e-01  3.41353118e-02
  1.08375490e-01  1.19645946e-01  9.79024619e-02 -7.82422200e-02
  8.45642760e-02 -2.92427182e-01  9.76839811e-02  2.38381758e-01
 -3.31177488e-02  7.94368759e-02  1.69315383e-01  3.73079717e-01
 -2.41314575e-01  1.87472582e-01 -1.98070198e-01  6.15886413e-02
  6.46928102e-02 -1.77694764e-02 -1.09296516e-01 -2.86308844e-02
 -3.48132908e-01  6.27010688e-02 -9.00540277e-02 -2.17558503e-01
 -1.31769925e-01 -1.48822799e-01  3.88201699e-02 -1.18759193e-01
 -2.05114558e-01  7.55147710e-02  1.21398568e-02 -4.30495739e-02
  4.15999517e-02 -1.26150101e-01 -3.18488404e-02  7.23637044e-02
  1.86393112e-01 -8.61263424e-02  1.14171721e-01 -5.07109379e-03
 -7.93935508e-02 -1.03240140e-01 -4.30100441e-01  1.50198406e-02
  1.04282498e-01  2.18713939e-01 -2.32511729e-01 -1.35890484e-01
  3.64175856e-01 -2.26227604e-02  6.27542287e-02 -2.50478923e-01
 -4.86380272e-02 -5.24271801e-02  1.63057372e-01 -3.20489630e-02
 -2.71768957e-01 -2.17172690e-02 -3.43993567e-02 -7.53547177e-02
 -1.92860812e-01  7.55188763e-02  1.59720704e-01  1.39317373e-02
 -7.27529302e-02 -2.56786942e-01  2.00981230e-01 -1.70055125e-02
  1.98917370e-03 -7.62883201e-02 -1.95772588e-01 -3.94001342e-02
  7.39293098e-02  7.49568939e-02 -6.19519167e-02 -7.99712092e-02
 -2.40996722e-02 -1.72900677e-01  8.54610093e-03  1.97516987e-04
  3.82913761e-02 -6.36822870e-03 -1.24464460e-01 -8.99232551e-02
 -3.67126125e-03  1.65816117e-03 -1.07198283e-01  1.27847657e-01
  2.90438622e-01 -6.05454780e-02 -4.06943187e-02  1.45969123e-01
 -1.31248355e-01 -3.15375663e-02 -2.72441246e-02 -1.93569232e-02
  4.36010584e-02  1.92982554e-01 -1.41365737e-01 -8.57459381e-02
  4.00162712e-02  4.46863323e-02  1.64715901e-01  2.80144453e-01
  9.34178382e-02  2.20831074e-02  1.92300394e-01  2.75259335e-02
 -1.65294647e-01  3.64464037e-02  2.11434156e-01  1.91320851e-02
  1.34468362e-01  2.16034189e-01  9.20654461e-02 -2.73547415e-02
 -2.44659260e-02 -1.65393010e-01 -1.10721909e-01  3.49042006e-02
 -1.66044325e-01  2.78621074e-02  1.37316227e-01 -1.82559222e-01
 -9.62059945e-02  1.91556551e-02  4.60125953e-02  9.92959645e-03
  2.54980713e-01 -2.02592894e-01  6.36685491e-02  7.29149133e-02
  1.71123326e-01 -1.79144323e-01 -4.40555140e-02 -7.66432807e-02
  2.11287975e-01 -3.04322522e-02  1.82142049e-01 -4.04061414e-02
 -8.48539546e-02  2.32137844e-01 -9.86359827e-03 -5.49025275e-02
  2.17966422e-01  4.11986709e-02  1.71008095e-01  6.07897863e-02
 -4.29590466e-04  3.26586574e-01  1.66562155e-01  6.26466945e-02
 -2.37368885e-02  6.81570359e-03  9.61281732e-02  5.40418290e-02
  2.11053684e-01 -1.09845482e-01  2.44494617e-01 -1.21577233e-02
  2.21338525e-01 -1.34004831e-01  1.73790216e-01 -4.69357008e-04
 -3.01615685e-01 -1.20250962e-03  1.69855267e-01  1.20514765e-01
 -1.23617649e-01  8.59999508e-02  3.22792456e-02  1.38025030e-01
 -1.80722862e-01  5.31825721e-02  1.42425895e-01  6.20820411e-02
 -2.27175411e-02 -3.60025465e-02  2.53848676e-02 -2.05299035e-02
 -2.83055276e-01 -2.50966251e-02  6.95708171e-02 -3.13859992e-02
 -3.09170634e-01  1.31632224e-01 -1.47910267e-01  1.78129300e-02
 -2.22912095e-02 -1.61770716e-01  1.61149889e-01 -2.41981655e-01
 -5.23055494e-02  5.70610762e-02  3.95346172e-02  1.63883552e-01
 -1.63771629e-01 -2.72575200e-01 -2.16893107e-01  1.77064240e-01
 -2.81604111e-01  9.66898799e-02 -1.34589747e-01 -2.59989556e-02
  1.68534100e-01  1.20128833e-01  2.12651059e-01  2.91248355e-02
 -5.72931468e-02  9.55469906e-02 -1.26090467e-01 -1.64788961e-01
 -5.28485216e-02  9.89426896e-02 -1.46615719e-02 -3.66161019e-02
  1.49606228e-01  2.08221212e-01 -3.24808806e-02  2.47625604e-01
 -6.88808635e-02  2.41683703e-02  2.22669408e-01 -8.60224292e-03
  1.54376194e-01 -8.28833804e-02  1.48930624e-01 -8.78810138e-02
 -2.32497929e-03  1.08672723e-01  2.01976478e-01 -5.50007373e-02
  1.33169442e-01  1.61822468e-01 -1.63119957e-01  9.97686237e-02
  2.04992563e-01  3.80660966e-02  6.00269884e-02  2.89396077e-01]
five	[ 0.1715449  -0.26306814  0.2568612  -0.00306855 -0.08418559 -0.05180005
  0.32395005 -0.03370614  0.09544826 -0.4577043  -0.20960432 -0.25932357
  0.05386955 -0.19181804 -0.17713971  0.24436003 -0.30945295  0.22760606
  0.2664111   0.09712823 -0.01871061  0.15668568 -0.05166472  0.00630596
  0.14812614  0.00776856  0.05990508 -0.05636952 -0.211373    0.20910941
  0.2023538   0.39015085 -0.2318512   0.2970227  -0.25791946  0.09923579
 -0.00622443 -0.18254498 -0.09614097 -0.2519269   0.14615528 -0.16458459
 -0.32980457  0.08725043  0.1866317   0.2201483   0.21721876 -0.110939
  0.04855908 -0.12102161  0.18262842  0.04183018 -0.02351528  0.02713666
  0.08056828 -0.20653537  0.15057972 -0.24315384  0.21321881  0.16756274
  0.41402382 -0.06610107  0.13593411  0.01097073  0.05802082 -0.14341891
  0.08706126  0.35753578 -0.16805126 -0.03761164  0.2752752  -0.06499083
  0.02264217  0.2541089  -0.00668008 -0.19829403  0.13037767  0.297877
 -0.01638739  0.01664488 -0.2754035  -0.14119315  0.22117984 -0.04612741
 -0.1956965  -0.05045626 -0.02753616 -0.09729721 -0.0656449   0.05212335
 -0.03550669 -0.20842355  0.01726313  0.13823862  0.06978547  0.12881398
  0.28890648 -0.11256337  0.13212153 -0.00180733  0.01842348 -0.10435039
 -0.28989482  0.09855898  0.09936079  0.13860606 -0.03266329 -0.17731419
 -0.04567606  0.20613627  0.23147684 -0.1234602   0.10119409  0.10138694
  0.0462419  -0.3354118  -0.38097486 -0.24868383 -0.10181757 -0.09626547
 -0.07748093  0.35961348 -0.02319125 -0.17563885 -0.07177667 -0.34918642
  0.07788667  0.37007493  0.2980009  -0.0287726   0.21352896  0.12699531
  0.23278223  0.12993392 -0.05222166  0.04854007 -0.14048535  0.22100203
 -0.06518252 -0.16182956  0.09823056  0.43698823 -0.37287012  0.05410681
 -0.03447082  0.06619404 -0.31083953 -0.07726121  0.15663886  0.01502584
  0.09030827  0.0842236  -0.1838989  -0.32041278 -0.16359009  0.1437961
  0.06461436 -0.01989151 -0.0465225   0.307392    0.11158927  0.0128554
 -0.07984655  0.12565112  0.08858985 -0.04086535  0.148882    0.07728273
 -0.43886754  0.10058308  0.1309853   0.0677188  -0.11083283  0.27290943
 -0.02627585 -0.24847558 -0.21895477 -0.31594023 -0.18572032  0.00542603
 -0.02118608  0.13405767 -0.08485903 -0.12063729  0.1594603   0.12111994
  0.09487722  0.19940497  0.09769022 -0.20151468 -0.00879493  0.08969606
  0.13367248 -0.01983277  0.10662574 -0.0591219   0.13166636 -0.22887269
  0.16284876 -0.08386105  0.00606561  0.25307578 -0.11169941 -0.1366132
  0.02527984 -0.24316943  0.0821377   0.21660268 -0.10439005  0.22412407
 -0.0106345  -0.07925542 -0.36549285 -0.26131177  0.0985539   0.07833278
  0.2257015  -0.26089245  0.3878975  -0.2286522  -0.0469703   0.10933907
  0.10457924  0.10065026 -0.47663617  0.075979   -0.29204494  0.19301075
 -0.10670628  0.35533372  0.29229432  0.02376926 -0.00497377 -0.04358612
 -0.01490343  0.02514148  0.05298557 -0.02257432  0.16482347 -0.292733
 -0.263993    0.0962944  -0.10087858 -0.17153864 -0.2914136  -0.0172832
 -0.11301629  0.15230787 -0.00406023 -0.297003    0.08953996  0.20684393
 -0.04765286 -0.05388787  0.05533563  0.10562968 -0.258034   -0.01286384
 -0.3325076   0.1349976  -0.27229747  0.22822952  0.32873076  0.21425398
 -0.1617872  -0.20587607  0.05705694 -0.12231836 -0.03882551  0.15873319
 -0.01699378 -0.27203813 -0.04047231 -0.03460198  0.27728987  0.09267043
  0.254252    0.19836946  0.02018962  0.2448575  -0.20715865 -0.27442944
  0.16369    -0.12951961  0.05062626  0.15307172 -0.38548008  0.06484605
  0.05965932  0.19639915  0.11350324 -0.01597767  0.2502633   0.04184157
 -0.17510645 -0.17089126  0.09328877  0.3477556   0.23429862  0.30878207]
boroughs	[ 0.05109928 -0.17084858  0.25926977  0.17988886 -0.46307898 -0.20334157
 -0.2888841   0.08278471  0.21661296 -0.08595788 -0.49797213  0.09834427
 -0.067521    0.28468883 -0.06274235  0.26856327 -0.08887151  0.19144824
 -0.24480717  0.16250451  0.02802588  0.8745699  -0.06104296  0.30950376
  0.553634    0.2822314  -0.3016736  -0.01089892  0.36808342  0.46178696
  0.61675173  0.41151512 -0.05399361  0.2017414   0.03740223  0.06523459
 -0.18035896 -0.11588208 -0.27383503  0.11713318  0.23723231  0.0489397
  0.24240924 -0.14304453 -0.65629154  0.06887372  0.63796824  0.28381357
  0.49927157  0.1523768   0.5501977   0.06852916 -0.1775575   0.06015494
 -0.17776357 -0.29901785 -0.1955637   0.16974443 -0.13513285  0.13805965
 -0.03213872 -0.19010484  0.575618    0.08224198  0.43000418 -0.39966983
  0.39833525 -0.04255078 -0.36682227  0.60850227 -0.05455816 -0.0420357
 -0.16893551  0.14026326 -0.22289096  0.16260916  0.4446904  -0.27356818
  0.20070055 -0.21725994 -0.3575386   0.383847    0.1315058  -0.11314722
 -0.18770565 -0.19461554  0.13708098  0.33281118 -0.20776758 -0.10409087
 -0.09903673  0.02034112 -0.05090153 -0.02863767  0.10492911 -0.0555101
  0.40389135  0.28482577  0.30597466  0.112092   -0.0913571  -0.27443364
 -0.28532985 -0.08941831 -0.09728443 -0.20498843 -0.02198682 -0.35162398
 -0.16966535 -0.5174042   0.25474343  0.00292772 -0.14968938  0.55158085
  0.37704337  0.00402816 -0.10349138 -0.17942762 -0.6605949   0.12824276
  0.21562731 -0.3140346   0.20569521 -0.43870878  0.11432032 -0.27489132
 -0.13383387  0.31531405 -0.05449209 -0.00620632  0.08546917  0.38607836
 -0.26137915 -0.37374574  0.07294028  0.5780356   0.01239437 -0.3004374
 -0.2718946  -0.08010656  0.10215086 -0.15139301  0.48676175  0.23273823
  0.10606079 -0.02227323  0.04823363  0.10721452 -0.32475328  0.19135064
  0.25014758  0.47289476 -0.20527197 -0.1775148   0.07772902  0.23323478
 -0.14058706  0.13335995  0.03414787  0.29686204  0.3374665   0.23042907
 -0.04419841 -0.54404134  0.04400926 -0.18277232 -0.37778828  0.30224553
 -0.28487334  0.59768546  0.27598432  0.34575263 -0.23581727  0.20194972
 -0.6426189  -0.22722542 -0.28504625  0.00519543  0.1783122  -0.14900938
 -0.5218653   0.154865   -0.4268797   0.13988453  0.02731863 -0.15611519
 -0.1749293  -0.03397796  0.01272241 -0.20615497  0.31881344 -0.20713463
  0.02639279 -0.6093867   0.11455286 -0.09466025 -0.01242786  0.1709191
  0.32701355 -0.00808734  0.0977743   0.31396255  0.17373414 -0.00680006
  0.10813169 -0.13440964 -0.34145027  0.12576938 -0.1321444  -0.12506971
 -0.06242383  0.26719305  0.19904062  0.09655714 -0.45142224 -0.20391686
  0.16744149 -0.4555068   0.13995643 -0.13727339  0.18323505  0.2631226
 -0.14329852 -0.05393318 -0.15131097  0.28220162  0.08022528 -0.3113311
 -0.6095235  -0.0931546  -0.5723629  -0.70958996  0.23155604 -0.03370364
 -0.22047275  0.10889731  0.2731233   0.23158997 -0.0152925  -0.41116235
 -0.00675811 -0.15200225 -0.12293995  0.0948864  -0.3014318   0.05473599
 -0.25230807  0.39218506 -0.23928046 -0.3850981  -0.301721   -0.23590174
  0.6145694  -0.19166963  0.13712102 -0.22708294 -0.44453603 -0.30125958
 -0.06036105 -0.20323554  0.23892087 -0.17211303  0.13831331 -0.02899278
 -0.1408058  -0.1165999  -0.2562686   0.02581752 -0.24602617  0.38605055
 -0.0774865   0.14600717 -0.45976913 -0.60685855 -0.10440082 -0.1942648
  0.06600843 -0.08014297 -0.13181116  0.37020734  0.3196167  -0.02885685
  0.00852615  0.15851405  0.0834597   0.05362759 -0.02256335  0.01824532
 -0.02698401  0.25418916  0.76838994  0.09233496  0.13694955 -0.21950172
 -0.14668232  0.24787873 -0.04993428 -0.12792633 -0.18429044  0.22695847]
